57

1106614
Robot388
1234 6262
120283177
wxid-61024
Robot388.72@intl.zju.edu.cn
4
1949 4 28
72
2
2019 1 7 18 15 44
2

1506842
Robot810
9531 6014
173906746
wxid-27780
Robot810.43@intl.zju.edu.cn
6
1978 2 19
43
2
2019 1 16 4 56 6
2

1809861
Robot83
7566 4677
157019489
wxid-3427
Robot83.95@intl.zju.edu.cn
3
1926 3 9
95
3
2019 1 19 1 12 2
1

1637745
Robot470
3730 6976
161482509
wxid-14508
Robot470.14@intl.zju.edu.cn
6
2007 8 12
14
1
2019 1 23 8 39 33
1

1160453
Robot956
5460 4068
155236635
wxid-767
Robot956.16@intl.zju.edu.cn
0
2005 8 12
16
1
2019 2 8 17 1 10
2

1638731
Robot121
5618 9410
125369361
wxid-2139
Robot121.94@intl.zju.edu.cn
5
1927 5 9
94
1
2019 2 19 21 59 18
0

1014270
Robot697
534 7737
169886575
wxid-97851
Robot697.38@intl.zju.edu.cn
3
1983 12 15
38
3
2019 2 25 18 32 1
0

1669724
Robot650
3573 8010
198903046
wxid-81705
Robot650.2@intl.zju.edu.cn
2
2019 6 26
2
0
2019 3 6 0 30 30
1

1948051
Robot792
3716 9427
132576344
wxid-98515
Robot792.36@intl.zju.edu.cn
7
1985 11 24
36
3
2019 3 19 12 33 18
2

1152466
Robot333
1380 5291
172038343
wxid-69375
Robot333.84@intl.zju.edu.cn
2
1937 1 23
84
0
2019 3 23 11 4 10
1

1357218
Robot763
5561 1769
177611286
wxid-99179
Robot763.101@intl.zju.edu.cn
3
1920 8 18
101
2
2019 4 1 12 35 25
2

1811947
Robot421
2342 4070
110632598
wxid-46179
Robot421.79@intl.zju.edu.cn
7
1942 10 1
79
0
2019 4 1 15 39 58
0

1194432
Robot641
3323 352
185286045
wxid-64397
Robot641.18@intl.zju.edu.cn
7
2003 7 12
18
2
2019 4 10 18 0 56
0

1261509
Robot213
781 1227
198331008
wxid-12785
Robot213.82@intl.zju.edu.cn
1
1939 9 23
82
1
2019 4 28 4 32 2
0

1809432
Robot268
190 8555
194774869
wxid-77569
Robot268.37@intl.zju.edu.cn
4
1984 11 7
37
1
2019 5 15 16 46 43
0

1076785
Robot299
2733 5366
129248530
wxid-64342
Robot299.79@intl.zju.edu.cn
1
1942 12 11
79
1
2019 5 24 23 38 57
2

1431838
Robot328
323 9551
198046415
wxid-97597
Robot328.38@intl.zju.edu.cn
2
1983 7 28
38
0
2019 6 4 4 8 10
2

1455442
Robot113
8280 4725
122295967
wxid-54916
Robot113.83@intl.zju.edu.cn
2
1938 6 19
83
2
2019 6 15 21 26 5
2

1833383
Robot695
2977 1862
123446941
wxid-82205
Robot695.27@intl.zju.edu.cn
7
1994 8 6
27
2
2019 6 25 10 1 38
1

1537657
Robot492
7852 38
104143676
wxid-78330
Robot492.7@intl.zju.edu.cn
5
2014 9 7
7
1
2019 7 7 5 6 36
1

1361503
Robot598
3693 8791
108710677
wxid-58933
Robot598.37@intl.zju.edu.cn
1
1984 7 19
37
0
2019 7 13 18 1 45
0

1959940
Robot322
1906 3956
174286946
wxid-67279
Robot322.71@intl.zju.edu.cn
2
1950 3 15
71
0
2019 7 14 7 33 25
0

1462386
Robot302
1963 194
114168584
wxid-38792
Robot302.80@intl.zju.edu.cn
3
1941 3 28
80
2
2019 7 21 13 31 27
0

1250710
Robot296
7845 4896
178662230
wxid-49343
Robot296.88@intl.zju.edu.cn
5
1933 1 14
88
2
2019 8 3 13 20 48
2

1487139
Robot9
2472 1223
177427671
wxid-83006
Robot9.67@intl.zju.edu.cn
0
1954 10 3
67
1
2019 8 20 12 49 29
1

1915556
Robot344
4816 1043
145573954
wxid-90361
Robot344.33@intl.zju.edu.cn
6
1988 12 15
33
3
2019 8 29 7 19 31
1

1236021
Robot385
208 2097
132386810
wxid-51283
Robot385.69@intl.zju.edu.cn
4
1952 3 16
69
0
2019 9 9 23 22 39
1

1555508
Robot69
4450 2568
140930035
wxid-48067
Robot69.37@intl.zju.edu.cn
1
1984 12 12
37
3
2019 9 24 0 24 10
2

1699461
Robot287
6449 333
199964165
wxid-57539
Robot287.97@intl.zju.edu.cn
0
1924 3 23
97
3
2019 10 2 9 58 56
2

1645583
Robot106
1362 1353
172407118
wxid-8465
Robot106.76@intl.zju.edu.cn
4
1945 7 29
76
1
2019 10 15 10 31 38
1

1830451
Robot756
9873 3835
147629301
wxid-89237
Robot756.15@intl.zju.edu.cn
5
2006 7 12
15
1
2019 11 1 23 31 26
1

1038881
Robot989
9351 5704
191198442
wxid-38095
Robot989.49@intl.zju.edu.cn
6
1972 6 23
49
0
2019 11 5 1 42 10
0

1008092
Robot999
7098 4980
130778049
wxid-89793
Robot999.39@intl.zju.edu.cn
0
1982 12 24
39
0
2019 11 18 15 46 9
0

1722874
Robot346
3111 4309
106247246
wxid-37715
Robot346.64@intl.zju.edu.cn
1
1957 3 20
64
2
2019 12 3 8 2 25
0

1187345
Robot733
3828 379
182843807
wxid-1290
Robot733.89@intl.zju.edu.cn
3
1932 7 19
89
1
2019 12 21 19 5 23
0

1653450
Robot218
7909 4662
107300307
wxid-6271
Robot218.27@intl.zju.edu.cn
4
1994 6 25
27
0
2019 12 27 18 18 59
0

1190487
Robot152
3635 1655
132615407
wxid-10429
Robot152.98@intl.zju.edu.cn
6
1923 9 12
98
0
2020 1 3 4 35 36
0

1615070
Robot332
4771 1642
174976304
wxid-11613
Robot332.70@intl.zju.edu.cn
3
1951 4 7
70
0
2020 1 19 5 33 49
0

1016450
Robot386
4510 542
179165933
wxid-42307
Robot386.15@intl.zju.edu.cn
6
2006 9 25
15
2
2020 1 21 0 59 31
0

1243147
Robot145
3189 9488
103050821
wxid-61001
Robot145.14@intl.zju.edu.cn
3
2007 8 13
14
0
2020 2 4 4 57 14
2

1236600
Robot285
1747 3075
198756931
wxid-867
Robot285.57@intl.zju.edu.cn
6
1964 11 6
57
1
2020 2 21 2 54 6
1

1320184
Robot582
5794 7940
129986491
wxid-28959
Robot582.72@intl.zju.edu.cn
4
1949 7 27
72
0
2020 2 29 17 57 25
1

1092165
Robot18
4610 9211
181690648
wxid-69480
Robot18.74@intl.zju.edu.cn
0
1947 9 30
74
3
2020 3 16 9 47 57
1

1170390
Robot25
3935 3565
117877579
wxid-5614
Robot25.21@intl.zju.edu.cn
4
2000 4 12
21
3
2020 4 2 0 42 57
0

1089358
Robot161
6280 1856
120439771
wxid-78321
Robot161.42@intl.zju.edu.cn
0
1979 12 28
42
2
2020 4 16 9 44 40
0

1446195
Robot196
1952 709
129828227
wxid-18617
Robot196.84@intl.zju.edu.cn
2
1937 5 2
84
3
2020 5 3 6 23 42
1

1812858
Robot227
2992 359
130501365
wxid-77247
Robot227.96@intl.zju.edu.cn
0
1925 12 21
96
3
2020 5 6 10 44 39
1

1245106
Robot385
4291 9433
143087148
wxid-62045
Robot385.14@intl.zju.edu.cn
4
2007 9 18
14
2
2020 5 21 3 54 51
2

1057787
Robot763
1387 7641
106946631
wxid-55552
Robot763.33@intl.zju.edu.cn
0
1988 9 12
33
3
2020 6 6 12 0 41
1

1654842
Robot251
7556 2685
147906530
wxid-44035
Robot251.33@intl.zju.edu.cn
5
1988 3 25
33
3
2020 6 18 21 33 36
1

1254349
Robot216
5209 6221
164434970
wxid-41340
Robot216.45@intl.zju.edu.cn
4
1976 2 12
45
0
2020 6 28 2 12 17
0

1542341
Robot331
4190 2950
167574256
wxid-58124
Robot331.52@intl.zju.edu.cn
3
1969 10 8
52
3
2020 7 10 13 43 11
1

1208325
Robot429
2464 1077
194426403
wxid-89539
Robot429.55@intl.zju.edu.cn
1
1966 1 9
55
0
2020 7 14 11 5 25
0

1252025
Robot728
2037 2778
172059298
wxid-92426
Robot728.72@intl.zju.edu.cn
6
1949 10 16
72
0
2020 7 26 0 0 46
2

1711687
Robot717
5075 6489
109291401
wxid-15886
Robot717.36@intl.zju.edu.cn
6
1985 1 3
36
0
2020 8 5 5 58 10
2

1802081
Robot369
3780 1004
123419342
wxid-8478
Robot369.38@intl.zju.edu.cn
4
1983 5 7
38
2
2020 8 10 3 26 2
2

1426171
Robot297
3050 1736
193050429
wxid-28935
Robot297.19@intl.zju.edu.cn
2
2002 6 28
19
2
2020 8 16 13 55 15
0

