557

1445595
Robot99
5027 7869
158207639
wxid-9033
Robot99.69@intl.zju.edu.cn
0
1952 9 19
69
3
2019 1 1 4 28 24
0

1607748
Robot12
9552 9652
167938867
wxid-23346
Robot12.13@intl.zju.edu.cn
6
2008 9 16
13
3
2019 1 2 13 20 26
0

1439188
Robot338
7419 3541
118339915
wxid-93592
Robot338.75@intl.zju.edu.cn
6
1946 6 4
75
2
2019 1 3 10 25 4
1

1036693
Robot646
9263 411
181876786
wxid-3740
Robot646.57@intl.zju.edu.cn
6
1964 8 21
57
1
2019 1 3 23 48 52
0

1206112
Robot109
440 4309
162486158
wxid-96862
Robot109.58@intl.zju.edu.cn
4
1963 7 2
58
3
2019 1 4 13 32 47
1

1375507
Robot149
4190 7246
107057935
wxid-46003
Robot149.61@intl.zju.edu.cn
7
1960 6 27
61
2
2019 1 6 10 3 1
1

1386841
Robot456
398 7131
117380481
wxid-33354
Robot456.45@intl.zju.edu.cn
2
1976 7 4
45
0
2019 1 7 12 26 37
1

1386568
Robot939
9464 4901
195812726
wxid-74354
Robot939.92@intl.zju.edu.cn
3
1929 2 25
92
3
2019 1 8 21 32 11
1

1580691
Robot208
5097 2892
132916677
wxid-55848
Robot208.15@intl.zju.edu.cn
2
2006 7 12
15
1
2019 1 10 12 32 41
2

1860527
Robot501
8535 864
101634263
wxid-19414
Robot501.80@intl.zju.edu.cn
3
1941 9 23
80
0
2019 1 10 22 7 0
2

1080033
Robot647
9630 8205
126063389
wxid-36234
Robot647.64@intl.zju.edu.cn
2
1957 9 12
64
3
2019 1 11 1 5 44
1

1196350
Robot999
6054 4273
151959420
wxid-53033
Robot999.80@intl.zju.edu.cn
0
1941 10 11
80
3
2019 1 12 7 25 34
2

1381492
Robot251
2873 1558
141399058
wxid-53877
Robot251.30@intl.zju.edu.cn
3
1991 4 3
30
0
2019 1 12 13 34 11
1

1187872
Robot942
6219 2086
185015183
wxid-53550
Robot942.41@intl.zju.edu.cn
4
1980 8 27
41
2
2019 1 14 2 25 53
1

1187349
Robot59
7537 6871
146941359
wxid-9360
Robot59.63@intl.zju.edu.cn
1
1958 11 27
63
2
2019 1 15 22 47 2
0

1854906
Robot393
8121 8081
171502411
wxid-47538
Robot393.30@intl.zju.edu.cn
6
1991 8 22
30
2
2019 1 17 20 31 25
1

1692346
Robot41
3511 1805
124891587
wxid-12452
Robot41.29@intl.zju.edu.cn
0
1992 4 1
29
3
2019 1 19 2 27 42
1

1210592
Robot616
7348 4585
181804171
wxid-15275
Robot616.22@intl.zju.edu.cn
0
1999 12 9
22
1
2019 1 20 1 22 18
1

1984583
Robot146
8138 3527
188695119
wxid-26249
Robot146.53@intl.zju.edu.cn
2
1968 6 9
53
2
2019 1 21 18 6 23
1

1866175
Robot271
4144 7953
143334455
wxid-83594
Robot271.87@intl.zju.edu.cn
0
1934 5 2
87
0
2019 1 22 6 39 29
2

1849501
Robot645
2293 9881
132487913
wxid-76830
Robot645.85@intl.zju.edu.cn
0
1936 1 4
85
2
2019 1 23 5 39 6
2

1261556
Robot214
3999 7740
126190855
wxid-68802
Robot214.11@intl.zju.edu.cn
1
2010 7 18
11
3
2019 1 25 4 2 5
2

1554921
Robot142
8390 152
155799785
wxid-44145
Robot142.95@intl.zju.edu.cn
1
1926 1 6
95
0
2019 1 25 12 0 58
2

1444869
Robot666
7889 9985
168562360
wxid-60612
Robot666.55@intl.zju.edu.cn
3
1966 12 17
55
1
2019 1 27 0 44 7
0

1247149
Robot958
3722 360
141389693
wxid-93186
Robot958.79@intl.zju.edu.cn
5
1942 5 24
79
2
2019 1 27 19 43 36
1

1941368
Robot332
7709 9393
193780550
wxid-92873
Robot332.84@intl.zju.edu.cn
6
1937 3 26
84
1
2019 1 28 13 19 2
1

1159677
Robot910
3761 5915
148976661
wxid-99146
Robot910.29@intl.zju.edu.cn
6
1992 4 5
29
1
2019 1 30 11 1 23
1

1707652
Robot806
2289 2903
169486746
wxid-74300
Robot806.68@intl.zju.edu.cn
5
1953 7 24
68
3
2019 1 30 20 21 10
0

1887802
Robot580
2355 4524
112764357
wxid-96686
Robot580.70@intl.zju.edu.cn
0
1951 7 30
70
1
2019 1 30 22 38 23
0

1691222
Robot645
1661 1514
140973513
wxid-22963
Robot645.28@intl.zju.edu.cn
4
1993 1 29
28
0
2019 2 1 5 0 52
1

1724807
Robot158
3575 4039
100297669
wxid-4347
Robot158.22@intl.zju.edu.cn
3
1999 6 16
22
0
2019 2 1 18 8 43
2

1165269
Robot772
2526 6671
117758888
wxid-44645
Robot772.21@intl.zju.edu.cn
2
2000 5 7
21
3
2019 2 3 9 31 3
1

1300984
Robot259
9008 7765
136928844
wxid-4029
Robot259.13@intl.zju.edu.cn
6
2008 12 15
13
0
2019 2 4 23 5 0
2

1065962
Robot170
7844 49
128052272
wxid-42068
Robot170.17@intl.zju.edu.cn
5
2004 9 16
17
1
2019 2 6 17 25 34
2

1050888
Robot42
4281 5639
114142070
wxid-15294
Robot42.73@intl.zju.edu.cn
4
1948 11 28
73
0
2019 2 8 4 56 35
1

1326127
Robot476
9772 9163
181391476
wxid-56555
Robot476.39@intl.zju.edu.cn
7
1982 12 10
39
1
2019 2 8 12 32 23
2

1334794
Robot523
688 1154
125348002
wxid-92767
Robot523.100@intl.zju.edu.cn
6
1921 10 10
100
1
2019 2 9 14 54 22
2

1509554
Robot403
5219 4992
157433730
wxid-34476
Robot403.32@intl.zju.edu.cn
6
1989 2 4
32
3
2019 2 11 8 51 12
2

1626244
Robot10
2370 7513
173323909
wxid-18961
Robot10.41@intl.zju.edu.cn
2
1980 4 17
41
1
2019 2 12 15 0 54
0

1258944
Robot462
9699 914
180568248
wxid-9166
Robot462.61@intl.zju.edu.cn
5
1960 5 29
61
3
2019 2 13 17 59 10
0

1056629
Robot603
9571 5561
144783371
wxid-5011
Robot603.11@intl.zju.edu.cn
2
2010 6 15
11
1
2019 2 14 8 53 4
1

1823971
Robot992
7204 9894
127834711
wxid-97164
Robot992.61@intl.zju.edu.cn
0
1960 8 7
61
3
2019 2 16 3 55 42
0

1518547
Robot920
111 4876
110107433
wxid-82480
Robot920.75@intl.zju.edu.cn
2
1946 11 14
75
2
2019 2 17 22 1 53
1

1556289
Robot803
4101 1823
191636824
wxid-96641
Robot803.22@intl.zju.edu.cn
4
1999 9 22
22
2
2019 2 18 23 9 24
1

1917149
Robot318
2091 7253
114290964
wxid-69092
Robot318.4@intl.zju.edu.cn
0
2017 5 24
4
0
2019 2 19 12 15 14
2

1299457
Robot298
1316 1865
183706498
wxid-81828
Robot298.84@intl.zju.edu.cn
5
1937 9 2
84
2
2019 2 21 3 6 57
0

1963657
Robot910
4092 4144
100310832
wxid-27039
Robot910.39@intl.zju.edu.cn
5
1982 7 3
39
2
2019 2 22 11 35 31
0

1148897
Robot917
1269 699
175413873
wxid-63892
Robot917.63@intl.zju.edu.cn
6
1958 2 29
63
1
2019 2 23 17 14 10
1

1806935
Robot325
5221 7758
146063955
wxid-76819
Robot325.84@intl.zju.edu.cn
1
1937 8 10
84
2
2019 2 24 5 46 9
1

1728955
Robot913
6217 2418
182707799
wxid-38649
Robot913.57@intl.zju.edu.cn
5
1964 4 6
57
2
2019 2 25 20 20 16
1

1744848
Robot231
939 2626
114423539
wxid-91973
Robot231.87@intl.zju.edu.cn
7
1934 3 29
87
0
2019 2 25 20 21 10
0

1211318
Robot91
7907 6540
188737915
wxid-72203
Robot91.20@intl.zju.edu.cn
5
2001 2 19
20
2
2019 2 27 15 19 59
1

1782168
Robot361
3771 2310
130403222
wxid-41333
Robot361.63@intl.zju.edu.cn
5
1958 9 19
63
1
2019 2 28 0 2 59
2

1582148
Robot473
427 9356
102788555
wxid-34139
Robot473.99@intl.zju.edu.cn
5
1922 8 19
99
0
2019 2 29 9 11 38
2

1163716
Robot53
8201 1662
158683918
wxid-93613
Robot53.58@intl.zju.edu.cn
3
1963 2 12
58
2
2019 2 29 11 49 1
1

1888980
Robot795
861 2228
144316980
wxid-64803
Robot795.36@intl.zju.edu.cn
1
1985 4 8
36
2
2019 2 30 5 42 26
1

1324278
Robot296
1242 9154
124222405
wxid-93803
Robot296.8@intl.zju.edu.cn
2
2013 8 27
8
3
2019 2 30 6 26 5
2

1135372
Robot573
4883 5005
192275859
wxid-38067
Robot573.40@intl.zju.edu.cn
6
1981 6 10
40
3
2019 3 1 18 7 27
2

1388848
Robot992
8515 5696
183732007
wxid-61716
Robot992.94@intl.zju.edu.cn
3
1927 5 22
94
1
2019 3 2 5 45 39
0

1046990
Robot946
4350 4440
156257404
wxid-55774
Robot946.30@intl.zju.edu.cn
7
1991 9 25
30
3
2019 3 4 2 25 50
2

1768989
Robot970
8625 8618
131935818
wxid-41345
Robot970.21@intl.zju.edu.cn
4
2000 8 18
21
3
2019 3 5 7 5 23
0

1020448
Robot541
9602 8579
182653881
wxid-54456
Robot541.30@intl.zju.edu.cn
7
1991 4 23
30
0
2019 3 5 8 6 24
2

1222204
Robot450
2808 1516
158745622
wxid-66685
Robot450.31@intl.zju.edu.cn
6
1990 8 17
31
1
2019 3 5 13 19 35
0

1287950
Robot201
9108 5026
140526823
wxid-87763
Robot201.81@intl.zju.edu.cn
2
1940 6 15
81
3
2019 3 5 19 59 20
2

1167488
Robot699
9053 4291
153210516
wxid-68212
Robot699.24@intl.zju.edu.cn
7
1997 2 3
24
1
2019 3 7 15 33 16
2

1589624
Robot427
1998 7489
134608366
wxid-34631
Robot427.84@intl.zju.edu.cn
0
1937 4 21
84
0
2019 3 8 0 43 47
0

1785772
Robot69
1212 7484
189010131
wxid-39005
Robot69.11@intl.zju.edu.cn
3
2010 8 2
11
1
2019 3 9 6 27 1
0

1303000
Robot57
1380 2653
167634002
wxid-84307
Robot57.34@intl.zju.edu.cn
7
1987 7 29
34
3
2019 3 9 21 4 59
0

1721977
Robot353
6884 1849
170775478
wxid-6690
Robot353.61@intl.zju.edu.cn
0
1960 9 24
61
0
2019 3 9 23 33 10
0

1615168
Robot745
3140 5465
160591446
wxid-37600
Robot745.36@intl.zju.edu.cn
3
1985 8 6
36
2
2019 3 10 9 42 52
1

1925465
Robot523
1460 6040
104466839
wxid-35590
Robot523.2@intl.zju.edu.cn
1
2019 1 16
2
1
2019 3 10 12 9 1
2

1099874
Robot184
9975 9276
144513599
wxid-16564
Robot184.101@intl.zju.edu.cn
6
1920 7 7
101
1
2019 3 11 12 3 44
0

1002704
Robot308
2760 5878
173761097
wxid-86104
Robot308.23@intl.zju.edu.cn
0
1998 5 5
23
0
2019 3 12 1 27 27
1

1300287
Robot254
683 7452
144337238
wxid-18133
Robot254.61@intl.zju.edu.cn
4
1960 3 14
61
1
2019 3 13 6 35 29
1

1352777
Robot821
1645 3537
166507271
wxid-54189
Robot821.32@intl.zju.edu.cn
7
1989 3 22
32
2
2019 3 14 13 45 0
2

1574406
Robot83
8676 5494
169686935
wxid-55521
Robot83.43@intl.zju.edu.cn
5
1978 5 26
43
0
2019 3 14 22 36 46
1

1322126
Robot698
1002 7967
145980524
wxid-39919
Robot698.29@intl.zju.edu.cn
2
1992 2 6
29
0
2019 3 15 11 18 51
2

1985789
Robot741
7060 4551
102366645
wxid-48010
Robot741.90@intl.zju.edu.cn
4
1931 1 21
90
3
2019 3 16 4 55 57
0

1610107
Robot191
429 2133
155810596
wxid-95724
Robot191.77@intl.zju.edu.cn
1
1944 4 7
77
2
2019 3 16 19 14 44
0

1670045
Robot520
3469 6248
139943422
wxid-75874
Robot520.56@intl.zju.edu.cn
5
1965 3 8
56
2
2019 3 18 16 21 37
2

1709684
Robot186
7094 3147
151429439
wxid-99118
Robot186.22@intl.zju.edu.cn
6
1999 12 6
22
2
2019 3 18 18 55 2
2

1690409
Robot856
9429 3993
103954097
wxid-62803
Robot856.59@intl.zju.edu.cn
2
1962 6 6
59
3
2019 3 19 2 53 36
1

1753898
Robot892
4165 5711
168351064
wxid-2975
Robot892.8@intl.zju.edu.cn
0
2013 5 28
8
3
2019 3 20 18 43 23
2

1177876
Robot196
8196 8232
150385911
wxid-4123
Robot196.41@intl.zju.edu.cn
7
1980 9 2
41
3
2019 3 21 12 2 7
1

1576372
Robot454
4885 223
132909741
wxid-34788
Robot454.80@intl.zju.edu.cn
6
1941 8 21
80
0
2019 3 21 23 10 28
1

1070441
Robot712
6105 5984
158496120
wxid-66793
Robot712.96@intl.zju.edu.cn
1
1925 7 3
96
0
2019 3 23 9 41 6
1

1532244
Robot443
6907 1419
162620055
wxid-97937
Robot443.33@intl.zju.edu.cn
7
1988 2 20
33
3
2019 3 24 6 6 14
0

1421291
Robot627
5399 6226
163395120
wxid-75713
Robot627.3@intl.zju.edu.cn
1
2018 2 6
3
1
2019 3 25 6 43 27
1

1686513
Robot737
3768 6100
130318701
wxid-51237
Robot737.46@intl.zju.edu.cn
6
1975 7 22
46
3
2019 3 27 0 23 55
2

1045360
Robot0
345 7787
149646546
wxid-93125
Robot0.33@intl.zju.edu.cn
3
1988 1 21
33
3
2019 3 28 0 25 41
1

1948196
Robot980
7602 4302
183227465
wxid-8099
Robot980.59@intl.zju.edu.cn
5
1962 8 11
59
2
2019 3 28 17 21 58
1

1200236
Robot916
7162 6873
173616286
wxid-97701
Robot916.60@intl.zju.edu.cn
4
1961 2 7
60
3
2019 3 29 18 20 27
1

1260021
Robot898
2349 7484
143165628
wxid-6583
Robot898.36@intl.zju.edu.cn
2
1985 12 6
36
1
2019 4 1 13 6 40
2

1326454
Robot47
7066 4805
188348729
wxid-92079
Robot47.67@intl.zju.edu.cn
7
1954 5 10
67
0
2019 4 1 18 45 42
1

1879856
Robot785
1205 1984
190551891
wxid-7615
Robot785.86@intl.zju.edu.cn
0
1935 3 10
86
3
2019 4 2 6 40 41
2

1880509
Robot336
9313 9007
186094527
wxid-76710
Robot336.96@intl.zju.edu.cn
3
1925 2 30
96
1
2019 4 3 23 55 58
1

1730112
Robot329
8843 7473
118089131
wxid-85286
Robot329.69@intl.zju.edu.cn
3
1952 7 20
69
1
2019 4 4 22 16 41
1

1907770
Robot592
5173 7910
157113862
wxid-65574
Robot592.8@intl.zju.edu.cn
0
2013 10 26
8
0
2019 4 6 13 17 5
0

1914911
Robot924
2490 6046
130658604
wxid-92576
Robot924.84@intl.zju.edu.cn
5
1937 8 13
84
0
2019 4 8 9 31 6
0

1826897
Robot807
9223 1989
193467861
wxid-49282
Robot807.5@intl.zju.edu.cn
1
2016 2 2
5
0
2019 4 10 4 24 2
2

1491157
Robot690
6998 4682
136953026
wxid-72347
Robot690.60@intl.zju.edu.cn
6
1961 7 10
60
0
2019 4 11 11 9 11
2

1559479
Robot918
3852 4427
138619319
wxid-78076
Robot918.81@intl.zju.edu.cn
5
1940 1 3
81
3
2019 4 11 20 50 43
1

1289916
Robot158
9507 619
178547629
wxid-37399
Robot158.43@intl.zju.edu.cn
1
1978 6 8
43
3
2019 4 13 3 43 45
1

1390513
Robot587
7570 394
127086908
wxid-39806
Robot587.24@intl.zju.edu.cn
2
1997 11 3
24
2
2019 4 13 16 23 33
2

1490167
Robot436
7001 3779
133825406
wxid-10159
Robot436.28@intl.zju.edu.cn
7
1993 10 19
28
3
2019 4 14 20 47 22
0

1231804
Robot560
6869 2383
157638702
wxid-58120
Robot560.73@intl.zju.edu.cn
0
1948 5 29
73
1
2019 4 16 3 12 53
1

1413016
Robot678
1971 9653
185073561
wxid-61159
Robot678.20@intl.zju.edu.cn
2
2001 2 4
20
1
2019 4 17 14 34 11
2

1910797
Robot88
4335 2479
164801361
wxid-57445
Robot88.95@intl.zju.edu.cn
5
1926 6 16
95
2
2019 4 18 5 45 52
2

1306417
Robot973
6412 9591
197103035
wxid-63334
Robot973.20@intl.zju.edu.cn
0
2001 8 6
20
3
2019 4 18 15 21 11
0

1049983
Robot167
596 4496
164309085
wxid-39175
Robot167.65@intl.zju.edu.cn
0
1956 3 16
65
1
2019 4 19 21 51 20
0

1706076
Robot751
1778 8626
197302723
wxid-5845
Robot751.40@intl.zju.edu.cn
2
1981 5 24
40
1
2019 4 20 23 9 18
1

1561814
Robot350
1345 6348
184151558
wxid-83788
Robot350.61@intl.zju.edu.cn
0
1960 7 27
61
3
2019 4 21 7 48 16
2

1050783
Robot876
9157 2178
180400650
wxid-38629
Robot876.28@intl.zju.edu.cn
1
1993 1 19
28
1
2019 4 22 7 55 10
2

1765274
Robot598
6626 8554
167517521
wxid-24391
Robot598.83@intl.zju.edu.cn
7
1938 8 10
83
0
2019 4 22 8 38 3
1

1747112
Robot453
1441 8990
162349971
wxid-41440
Robot453.2@intl.zju.edu.cn
4
2019 1 30
2
1
2019 4 22 9 12 17
2

1374075
Robot798
6148 5936
130659425
wxid-6927
Robot798.92@intl.zju.edu.cn
3
1929 3 25
92
1
2019 4 23 5 36 19
1

1603516
Robot148
6629 1099
108170472
wxid-62657
Robot148.54@intl.zju.edu.cn
3
1967 4 30
54
2
2019 4 24 6 11 18
0

1490841
Robot128
870 1352
116942031
wxid-21304
Robot128.100@intl.zju.edu.cn
1
1921 10 28
100
1
2019 4 24 10 4 11
2

1953710
Robot986
8111 4160
181837419
wxid-80449
Robot986.28@intl.zju.edu.cn
3
1993 5 22
28
0
2019 4 26 7 42 50
0

1370717
Robot931
4828 3360
181252236
wxid-85858
Robot931.18@intl.zju.edu.cn
3
2003 8 23
18
2
2019 4 26 19 11 55
0

1191045
Robot81
8810 778
120484281
wxid-12736
Robot81.52@intl.zju.edu.cn
5
1969 11 27
52
3
2019 4 27 3 55 37
1

1024162
Robot251
4776 1331
107206275
wxid-53266
Robot251.33@intl.zju.edu.cn
2
1988 2 15
33
2
2019 4 27 17 22 19
0

1592803
Robot217
6365 4999
130455173
wxid-96058
Robot217.98@intl.zju.edu.cn
4
1923 8 26
98
1
2019 4 29 11 51 53
1

1506603
Robot919
8100 4343
136243194
wxid-56203
Robot919.33@intl.zju.edu.cn
1
1988 1 26
33
3
2019 4 29 18 51 22
0

1291116
Robot745
3901 8278
140934413
wxid-17892
Robot745.21@intl.zju.edu.cn
1
2000 11 23
21
3
2019 4 30 10 2 35
2

1685302
Robot854
5410 5367
167022015
wxid-80386
Robot854.32@intl.zju.edu.cn
0
1989 1 13
32
0
2019 4 30 10 57 10
0

1550054
Robot604
947 9650
103675759
wxid-39698
Robot604.56@intl.zju.edu.cn
1
1965 8 24
56
1
2019 4 30 14 56 24
0

1746952
Robot923
9001 6617
108537563
wxid-12714
Robot923.91@intl.zju.edu.cn
4
1930 4 30
91
0
2019 5 1 18 9 48
2

1848147
Robot633
3519 3918
149564751
wxid-46602
Robot633.32@intl.zju.edu.cn
4
1989 12 30
32
2
2019 5 2 18 51 47
2

1044492
Robot102
4079 8492
107045052
wxid-58190
Robot102.73@intl.zju.edu.cn
7
1948 2 4
73
1
2019 5 3 17 26 47
1

1924264
Robot968
8973 5833
149095683
wxid-40802
Robot968.53@intl.zju.edu.cn
1
1968 12 3
53
2
2019 5 5 6 41 27
2

1496001
Robot910
3247 3768
138355827
wxid-44309
Robot910.29@intl.zju.edu.cn
3
1992 2 8
29
0
2019 5 5 17 28 10
2

1129677
Robot82
3014 1894
146829838
wxid-39526
Robot82.61@intl.zju.edu.cn
7
1960 1 15
61
1
2019 5 6 13 24 38
2

1056838
Robot815
834 276
158407065
wxid-60224
Robot815.4@intl.zju.edu.cn
5
2017 3 6
4
0
2019 5 6 22 24 38
2

1467254
Robot927
7009 3914
186309564
wxid-65165
Robot927.81@intl.zju.edu.cn
2
1940 12 25
81
3
2019 5 7 13 17 58
1

1057023
Robot21
6100 6785
164508180
wxid-24432
Robot21.82@intl.zju.edu.cn
5
1939 11 25
82
3
2019 5 8 17 29 22
0

1125658
Robot500
3984 1181
123810117
wxid-15119
Robot500.79@intl.zju.edu.cn
7
1942 8 28
79
2
2019 5 9 16 5 56
1

1899859
Robot529
824 36
164035784
wxid-65172
Robot529.83@intl.zju.edu.cn
1
1938 7 1
83
0
2019 5 9 22 21 39
2

1664274
Robot866
4802 6967
178494535
wxid-68511
Robot866.89@intl.zju.edu.cn
1
1932 11 23
89
3
2019 5 10 14 21 8
1

1601189
Robot475
9639 9700
152327681
wxid-41641
Robot475.17@intl.zju.edu.cn
0
2004 8 28
17
1
2019 5 11 9 18 11
1

1785626
Robot974
5999 5730
115832815
wxid-67687
Robot974.18@intl.zju.edu.cn
7
2003 11 8
18
0
2019 5 11 15 21 55
0

1939524
Robot915
5685 9738
183056760
wxid-76038
Robot915.60@intl.zju.edu.cn
7
1961 6 24
60
2
2019 5 12 7 47 54
2

1167507
Robot373
6820 9056
151698833
wxid-61943
Robot373.39@intl.zju.edu.cn
1
1982 4 24
39
2
2019 5 12 14 17 39
2

1998334
Robot996
8001 467
132789075
wxid-25967
Robot996.89@intl.zju.edu.cn
0
1932 2 26
89
3
2019 5 12 15 34 52
0

1866823
Robot312
2429 8442
116030102
wxid-31111
Robot312.80@intl.zju.edu.cn
7
1941 3 30
80
2
2019 5 13 18 49 26
0

1200729
Robot904
4574 6510
138016802
wxid-52784
Robot904.54@intl.zju.edu.cn
5
1967 5 16
54
0
2019 5 14 21 29 44
1

1469193
Robot578
3488 3183
169755519
wxid-30348
Robot578.82@intl.zju.edu.cn
1
1939 3 14
82
1
2019 5 15 8 53 39
1

1304134
Robot389
2140 8006
108699388
wxid-87954
Robot389.46@intl.zju.edu.cn
5
1975 6 5
46
1
2019 5 15 20 0 37
1

1900425
Robot534
8013 632
167489660
wxid-3817
Robot534.36@intl.zju.edu.cn
2
1985 7 17
36
3
2019 5 16 0 35 40
0

1858713
Robot53
319 1883
193631495
wxid-93864
Robot53.34@intl.zju.edu.cn
6
1987 2 23
34
1
2019 5 17 0 3 19
0

1220923
Robot725
5706 2072
197701216
wxid-35901
Robot725.17@intl.zju.edu.cn
4
2004 1 15
17
3
2019 5 18 17 39 40
2

1560254
Robot455
4608 8416
101293037
wxid-66995
Robot455.89@intl.zju.edu.cn
4
1932 11 2
89
1
2019 5 20 8 40 21
1

1845880
Robot300
2122 8343
114487882
wxid-44474
Robot300.11@intl.zju.edu.cn
7
2010 2 1
11
2
2019 5 22 2 39 16
2

1082606
Robot702
8566 2280
151459137
wxid-45614
Robot702.28@intl.zju.edu.cn
6
1993 11 26
28
1
2019 5 23 18 36 1
2

1232757
Robot948
2844 8300
142314122
wxid-47816
Robot948.20@intl.zju.edu.cn
5
2001 11 6
20
0
2019 5 23 20 27 32
0

1738061
Robot958
5880 3424
143600640
wxid-47949
Robot958.16@intl.zju.edu.cn
3
2005 8 12
16
1
2019 5 25 3 32 12
1

1728242
Robot100
8541 4150
128168760
wxid-63639
Robot100.17@intl.zju.edu.cn
5
2004 8 27
17
1
2019 5 25 16 49 54
1

1456724
Robot918
2661 6558
131979749
wxid-79466
Robot918.40@intl.zju.edu.cn
0
1981 2 21
40
0
2019 5 26 2 12 53
2

1359768
Robot404
2757 1152
129880842
wxid-46397
Robot404.22@intl.zju.edu.cn
4
1999 6 23
22
0
2019 5 27 17 1 39
1

1651455
Robot802
6401 165
129455061
wxid-85644
Robot802.91@intl.zju.edu.cn
2
1930 1 12
91
0
2019 5 27 19 39 14
1

1447893
Robot424
6739 6578
159288656
wxid-67964
Robot424.9@intl.zju.edu.cn
3
2012 12 7
9
0
2019 5 29 9 53 12
0

1828204
Robot253
181 1658
143097272
wxid-91399
Robot253.47@intl.zju.edu.cn
3
1974 2 3
47
3
2019 5 30 1 45 40
2

1048084
Robot835
3184 2134
189217283
wxid-32936
Robot835.4@intl.zju.edu.cn
4
2017 8 2
4
1
2019 5 30 19 12 49
0

1289998
Robot695
7717 3174
156971516
wxid-21304
Robot695.35@intl.zju.edu.cn
7
1986 9 28
35
0
2019 6 1 2 31 15
1

1509924
Robot519
7041 4466
194386991
wxid-46910
Robot519.53@intl.zju.edu.cn
1
1968 1 15
53
3
2019 6 2 4 15 48
2

1690841
Robot376
5973 9587
106985255
wxid-63280
Robot376.53@intl.zju.edu.cn
0
1968 4 20
53
0
2019 6 2 16 43 31
1

1442288
Robot245
4410 9084
139953225
wxid-94512
Robot245.60@intl.zju.edu.cn
2
1961 4 15
60
3
2019 6 4 5 36 29
0

1842982
Robot100
6154 3302
137310804
wxid-94367
Robot100.101@intl.zju.edu.cn
1
1920 4 13
101
1
2019 6 5 18 47 31
2

1498467
Robot702
9019 6266
119805664
wxid-53387
Robot702.47@intl.zju.edu.cn
5
1974 3 12
47
1
2019 6 7 5 59 7
1

1813889
Robot350
1197 4332
169483880
wxid-68030
Robot350.85@intl.zju.edu.cn
0
1936 4 5
85
3
2019 6 8 6 14 48
2

1412803
Robot12
4710 6412
171299017
wxid-60293
Robot12.74@intl.zju.edu.cn
4
1947 2 7
74
1
2019 6 9 6 36 41
0

1473692
Robot299
8769 3264
144305101
wxid-2104
Robot299.76@intl.zju.edu.cn
5
1945 7 6
76
2
2019 6 11 0 6 59
1

1017712
Robot869
5020 4646
105982293
wxid-94140
Robot869.8@intl.zju.edu.cn
5
2013 6 18
8
3
2019 6 12 13 25 59
2

1138004
Robot732
4044 4331
186171350
wxid-70136
Robot732.13@intl.zju.edu.cn
6
2008 12 17
13
1
2019 6 13 3 57 43
0

1341022
Robot265
7746 7493
138066793
wxid-33013
Robot265.40@intl.zju.edu.cn
5
1981 11 27
40
3
2019 6 14 6 23 14
0

1589490
Robot143
8013 1418
166751194
wxid-81074
Robot143.9@intl.zju.edu.cn
4
2012 9 3
9
0
2019 6 14 17 51 50
2

1822079
Robot852
5191 4275
162058223
wxid-40412
Robot852.20@intl.zju.edu.cn
1
2001 4 3
20
3
2019 6 16 12 17 6
2

1542134
Robot761
4561 7177
193278735
wxid-22465
Robot761.65@intl.zju.edu.cn
4
1956 8 7
65
0
2019 6 18 9 42 28
1

1274423
Robot208
5340 7813
139783060
wxid-11805
Robot208.31@intl.zju.edu.cn
5
1990 6 3
31
1
2019 6 19 17 26 51
2

1339127
Robot534
2236 3379
140787159
wxid-63869
Robot534.67@intl.zju.edu.cn
1
1954 2 3
67
2
2019 6 21 4 1 48
1

1882430
Robot779
3712 191
114533479
wxid-699
Robot779.12@intl.zju.edu.cn
6
2009 11 3
12
3
2019 6 23 0 17 22
2

1380240
Robot480
3054 9139
153162042
wxid-44248
Robot480.62@intl.zju.edu.cn
2
1959 10 14
62
0
2019 6 23 0 59 41
1

1888103
Robot10
6682 2620
115773630
wxid-14587
Robot10.22@intl.zju.edu.cn
3
1999 6 15
22
0
2019 6 24 15 52 25
1

1597845
Robot632
4321 4018
176123891
wxid-81217
Robot632.95@intl.zju.edu.cn
5
1926 3 7
95
1
2019 6 26 11 34 18
0

1704298
Robot920
6766 5195
185094279
wxid-87701
Robot920.29@intl.zju.edu.cn
0
1992 1 27
29
3
2019 6 27 20 16 56
2

1454675
Robot194
4884 8848
102331649
wxid-56698
Robot194.22@intl.zju.edu.cn
2
1999 9 14
22
2
2019 6 29 4 30 56
0

1062230
Robot479
6754 8796
129060214
wxid-69118
Robot479.66@intl.zju.edu.cn
6
1955 1 16
66
0
2019 6 30 9 45 1
2

1365745
Robot68
5321 6317
155549780
wxid-63259
Robot68.60@intl.zju.edu.cn
0
1961 9 8
60
2
2019 7 2 2 46 34
2

1287761
Robot825
175 7401
120228410
wxid-72681
Robot825.43@intl.zju.edu.cn
6
1978 10 8
43
0
2019 7 2 9 41 17
1

1733507
Robot285
1069 4266
162059804
wxid-34066
Robot285.101@intl.zju.edu.cn
4
1920 5 24
101
1
2019 7 2 18 47 14
2

1039433
Robot989
8564 595
186089472
wxid-4208
Robot989.18@intl.zju.edu.cn
3
2003 7 10
18
3
2019 7 3 18 44 58
2

1459794
Robot4
6730 2318
177503044
wxid-36169
Robot4.96@intl.zju.edu.cn
3
1925 10 16
96
0
2019 7 5 15 41 19
0

1813421
Robot679
2863 7425
156992988
wxid-37570
Robot679.56@intl.zju.edu.cn
5
1965 10 20
56
2
2019 7 7 10 46 25
1

1527309
Robot119
847 3211
141631982
wxid-99877
Robot119.66@intl.zju.edu.cn
5
1955 8 15
66
2
2019 7 7 16 10 35
2

1259465
Robot960
1758 3917
183499300
wxid-12426
Robot960.78@intl.zju.edu.cn
6
1943 1 28
78
1
2019 7 7 17 31 16
2

1464874
Robot41
4904 2160
125005322
wxid-35335
Robot41.29@intl.zju.edu.cn
2
1992 1 30
29
0
2019 7 9 0 8 57
0

1825407
Robot661
7129 2599
144321378
wxid-23958
Robot661.15@intl.zju.edu.cn
3
2006 6 9
15
2
2019 7 9 5 33 52
0

1006302
Robot414
1233 3584
140352451
wxid-17648
Robot414.83@intl.zju.edu.cn
6
1938 3 21
83
0
2019 7 10 23 8 31
0

1321930
Robot115
7722 9578
139466832
wxid-89898
Robot115.3@intl.zju.edu.cn
7
2018 11 15
3
1
2019 7 12 11 49 4
0

1118863
Robot290
6934 5672
181539581
wxid-76763
Robot290.87@intl.zju.edu.cn
5
1934 6 19
87
1
2019 7 14 6 0 2
1

1585538
Robot348
8056 8785
122049678
wxid-46685
Robot348.34@intl.zju.edu.cn
1
1987 7 15
34
3
2019 7 15 13 49 2
2

1549341
Robot99
7607 1102
115744076
wxid-28876
Robot99.4@intl.zju.edu.cn
4
2017 11 29
4
2
2019 7 15 14 27 9
0

1225649
Robot966
3166 6485
174708207
wxid-17047
Robot966.10@intl.zju.edu.cn
1
2011 5 7
10
1
2019 7 16 11 31 46
2

1416294
Robot198
5257 1831
101281513
wxid-89775
Robot198.41@intl.zju.edu.cn
3
1980 11 7
41
0
2019 7 16 17 7 32
1

1908571
Robot43
4849 4241
134119821
wxid-49366
Robot43.58@intl.zju.edu.cn
2
1963 5 30
58
3
2019 7 16 18 4 0
0

1526696
Robot119
7552 40
196553148
wxid-58473
Robot119.101@intl.zju.edu.cn
0
1920 7 23
101
3
2019 7 18 0 5 5
1

1404128
Robot742
5969 7540
127087848
wxid-552
Robot742.24@intl.zju.edu.cn
4
1997 8 20
24
0
2019 7 19 16 16 38
1

1426180
Robot906
4906 1745
122484162
wxid-28532
Robot906.69@intl.zju.edu.cn
6
1952 3 12
69
2
2019 7 21 4 13 49
1

1471533
Robot191
9687 3045
140766999
wxid-9518
Robot191.39@intl.zju.edu.cn
5
1982 1 10
39
2
2019 7 21 17 27 54
1

1354598
Robot747
311 8998
191982200
wxid-95949
Robot747.56@intl.zju.edu.cn
7
1965 3 11
56
0
2019 7 22 11 50 3
2

1275816
Robot163
1108 6279
190279260
wxid-60536
Robot163.84@intl.zju.edu.cn
0
1937 2 16
84
3
2019 7 23 17 30 24
2

1636944
Robot615
474 714
105745830
wxid-21699
Robot615.82@intl.zju.edu.cn
3
1939 8 26
82
0
2019 7 24 1 9 22
2

1315656
Robot929
6756 7562
183753098
wxid-6705
Robot929.87@intl.zju.edu.cn
0
1934 4 7
87
0
2019 7 25 15 0 41
0

1992803
Robot390
5406 9235
154366985
wxid-26066
Robot390.79@intl.zju.edu.cn
7
1942 2 3
79
0
2019 7 26 1 30 32
1

1261977
Robot907
686 9820
128441979
wxid-54255
Robot907.43@intl.zju.edu.cn
4
1978 2 2
43
1
2019 7 27 17 12 26
2

1861547
Robot618
3056 4497
178109920
wxid-55090
Robot618.50@intl.zju.edu.cn
5
1971 7 10
50
3
2019 7 28 11 0 19
1

1942655
Robot809
5370 9494
103161283
wxid-83892
Robot809.31@intl.zju.edu.cn
6
1990 10 3
31
0
2019 7 29 1 43 9
1

1271433
Robot496
2854 610
113500909
wxid-40069
Robot496.54@intl.zju.edu.cn
5
1967 1 21
54
0
2019 7 30 7 45 44
0

1142570
Robot886
8858 5147
106005957
wxid-42641
Robot886.38@intl.zju.edu.cn
1
1983 6 11
38
2
2019 8 1 15 21 25
2

1331093
Robot164
193 7190
133174376
wxid-842
Robot164.16@intl.zju.edu.cn
3
2005 11 16
16
1
2019 8 3 4 36 50
2

1616730
Robot180
30 1876
188299943
wxid-33195
Robot180.45@intl.zju.edu.cn
0
1976 9 7
45
1
2019 8 4 6 35 42
0

1953476
Robot656
5670 2608
100144424
wxid-82542
Robot656.12@intl.zju.edu.cn
5
2009 9 10
12
2
2019 8 5 22 24 35
1

1955024
Robot281
4085 6725
157412606
wxid-20681
Robot281.2@intl.zju.edu.cn
5
2019 5 16
2
2
2019 8 7 2 35 20
2

1079631
Robot315
2051 462
160741190
wxid-68123
Robot315.14@intl.zju.edu.cn
0
2007 7 22
14
2
2019 8 8 21 14 4
2

1116254
Robot827
9536 678
165372057
wxid-20334
Robot827.59@intl.zju.edu.cn
2
1962 4 9
59
0
2019 8 9 15 8 54
2

1322698
Robot516
5467 758
141792904
wxid-4558
Robot516.50@intl.zju.edu.cn
1
1971 2 21
50
1
2019 8 9 17 9 12
1

1420931
Robot628
6763 211
145241452
wxid-93952
Robot628.6@intl.zju.edu.cn
7
2015 6 1
6
0
2019 8 10 16 31 4
0

1145843
Robot356
1607 1911
111848718
wxid-14013
Robot356.96@intl.zju.edu.cn
6
1925 10 20
96
3
2019 8 12 12 21 36
0

1769937
Robot742
6163 1838
176466179
wxid-87282
Robot742.50@intl.zju.edu.cn
5
1971 9 9
50
2
2019 8 12 16 8 20
2

1240139
Robot729
4187 5134
182193368
wxid-56255
Robot729.67@intl.zju.edu.cn
6
1954 2 28
67
1
2019 8 13 10 58 2
0

1678424
Robot937
8380 8329
107849459
wxid-49601
Robot937.70@intl.zju.edu.cn
0
1951 6 4
70
3
2019 8 14 9 39 57
0

1818295
Robot514
6333 8292
101231022
wxid-96546
Robot514.17@intl.zju.edu.cn
2
2004 11 20
17
3
2019 8 16 0 36 51
1

1200708
Robot727
2690 9617
105882536
wxid-71660
Robot727.8@intl.zju.edu.cn
6
2013 1 12
8
1
2019 8 16 16 24 54
2

1907540
Robot387
9952 7888
105957059
wxid-66855
Robot387.83@intl.zju.edu.cn
7
1938 6 5
83
0
2019 8 17 7 20 14
2

1209604
Robot829
7117 5837
167616898
wxid-24898
Robot829.48@intl.zju.edu.cn
4
1973 1 12
48
3
2019 8 18 15 44 30
0

1272503
Robot188
9987 1369
169079107
wxid-77280
Robot188.2@intl.zju.edu.cn
1
2019 7 16
2
2
2019 8 20 1 41 23
2

1697541
Robot620
4571 6963
184584694
wxid-23608
Robot620.64@intl.zju.edu.cn
3
1957 7 25
64
3
2019 8 20 14 6 20
0

1043985
Robot856
4969 4115
132726103
wxid-40073
Robot856.80@intl.zju.edu.cn
5
1941 5 12
80
2
2019 8 21 9 6 21
1

1425009
Robot270
9080 4753
187151665
wxid-31235
Robot270.39@intl.zju.edu.cn
7
1982 3 28
39
3
2019 8 22 5 31 27
0

1598776
Robot258
3489 2048
190835233
wxid-50254
Robot258.54@intl.zju.edu.cn
5
1967 10 11
54
1
2019 8 22 20 48 42
2

1934369
Robot802
5172 7489
156421613
wxid-86829
Robot802.91@intl.zju.edu.cn
7
1930 12 4
91
0
2019 8 23 22 50 52
0

1418989
Robot7
5717 5019
170257133
wxid-21488
Robot7.82@intl.zju.edu.cn
3
1939 2 20
82
1
2019 8 25 1 15 3
1

1629717
Robot38
6400 5865
160315138
wxid-30206
Robot38.90@intl.zju.edu.cn
6
1931 11 11
90
2
2019 8 26 11 20 34
1

1877330
Robot134
6930 1895
103854124
wxid-48090
Robot134.68@intl.zju.edu.cn
0
1953 2 24
68
1
2019 8 27 5 31 30
2

1791311
Robot833
2855 6783
193657142
wxid-50780
Robot833.65@intl.zju.edu.cn
5
1956 11 25
65
1
2019 8 28 13 26 3
0

1582050
Robot973
6589 9968
124182816
wxid-56392
Robot973.82@intl.zju.edu.cn
5
1939 3 9
82
3
2019 8 30 8 41 12
2

1134415
Robot367
6251 6913
142714899
wxid-63777
Robot367.19@intl.zju.edu.cn
6
2002 7 10
19
2
2019 8 30 18 12 21
0

1335324
Robot32
9476 777
125424197
wxid-43803
Robot32.76@intl.zju.edu.cn
3
1945 3 2
76
3
2019 9 1 11 26 23
1

1317791
Robot213
5883 4798
160141188
wxid-14112
Robot213.13@intl.zju.edu.cn
0
2008 9 22
13
0
2019 9 2 1 59 11
0

1186377
Robot549
117 9930
109420487
wxid-96738
Robot549.76@intl.zju.edu.cn
0
1945 8 23
76
1
2019 9 2 19 41 55
2

1176111
Robot43
9664 1206
198001832
wxid-16236
Robot43.38@intl.zju.edu.cn
5
1983 4 23
38
1
2019 9 4 6 56 9
1

1635800
Robot597
3746 7197
130808055
wxid-10338
Robot597.76@intl.zju.edu.cn
4
1945 4 23
76
0
2019 9 4 18 41 41
2

1175589
Robot507
6347 2189
167612723
wxid-77718
Robot507.5@intl.zju.edu.cn
5
2016 12 29
5
3
2019 9 5 14 26 15
0

1184907
Robot281
8697 3032
197838226
wxid-53747
Robot281.33@intl.zju.edu.cn
1
1988 11 6
33
3
2019 9 5 18 16 33
0

1906568
Robot55
4810 8169
107680209
wxid-24328
Robot55.86@intl.zju.edu.cn
3
1935 2 26
86
2
2019 9 7 10 11 56
1

1434522
Robot594
9181 5061
146247112
wxid-11104
Robot594.7@intl.zju.edu.cn
3
2014 1 19
7
0
2019 9 8 17 25 30
2

1266201
Robot360
800 3849
105773556
wxid-53220
Robot360.97@intl.zju.edu.cn
5
1924 9 12
97
1
2019 9 10 0 33 33
1

1834005
Robot615
2043 1360
172616513
wxid-77162
Robot615.55@intl.zju.edu.cn
1
1966 8 4
55
2
2019 9 11 3 32 13
1

1456955
Robot963
1787 4664
168743417
wxid-55314
Robot963.82@intl.zju.edu.cn
2
1939 9 8
82
2
2019 9 11 4 45 12
1

1723974
Robot458
3699 7169
139929346
wxid-81456
Robot458.22@intl.zju.edu.cn
0
1999 2 13
22
1
2019 9 12 6 49 20
2

1287617
Robot872
9327 7202
163097107
wxid-1585
Robot872.53@intl.zju.edu.cn
0
1968 10 14
53
3
2019 9 13 14 7 46
0

1972284
Robot661
9680 2255
189182788
wxid-48913
Robot661.72@intl.zju.edu.cn
4
1949 12 2
72
3
2019 9 13 15 43 0
1

1910185
Robot345
3381 6673
192902289
wxid-90726
Robot345.54@intl.zju.edu.cn
7
1967 7 7
54
1
2019 9 14 7 19 6
1

1294486
Robot629
4897 604
118819502
wxid-66042
Robot629.59@intl.zju.edu.cn
0
1962 8 5
59
3
2019 9 15 0 0 10
0

1129690
Robot545
4221 6517
125603001
wxid-771
Robot545.17@intl.zju.edu.cn
6
2004 4 25
17
3
2019 9 16 7 14 28
0

1232249
Robot374
2973 2200
112881153
wxid-44708
Robot374.10@intl.zju.edu.cn
7
2011 5 13
10
1
2019 9 16 7 18 6
1

1237489
Robot986
3847 7445
139765719
wxid-53068
Robot986.99@intl.zju.edu.cn
2
1922 5 25
99
3
2019 9 17 8 31 50
0

1533658
Robot613
4803 3949
199968470
wxid-81638
Robot613.96@intl.zju.edu.cn
1
1925 8 25
96
3
2019 9 18 8 6 24
0

1440055
Robot158
4750 8331
198906851
wxid-54723
Robot158.45@intl.zju.edu.cn
1
1976 1 27
45
3
2019 9 19 19 13 45
0

1544773
Robot769
600 8238
132569241
wxid-83233
Robot769.37@intl.zju.edu.cn
3
1984 6 20
37
1
2019 9 21 16 36 48
1

1839533
Robot534
4653 5088
162391590
wxid-70478
Robot534.17@intl.zju.edu.cn
7
2004 6 28
17
2
2019 9 22 12 10 14
1

1429844
Robot13
4665 3591
152060214
wxid-30985
Robot13.84@intl.zju.edu.cn
1
1937 12 28
84
3
2019 9 23 10 54 8
0

1839949
Robot383
6969 928
106690425
wxid-79268
Robot383.83@intl.zju.edu.cn
6
1938 11 1
83
2
2019 9 25 8 16 32
1

1317367
Robot122
9141 9531
177449857
wxid-57964
Robot122.76@intl.zju.edu.cn
5
1945 11 16
76
3
2019 9 26 23 55 40
2

1672264
Robot510
7093 8940
139989557
wxid-52097
Robot510.42@intl.zju.edu.cn
2
1979 10 9
42
2
2019 9 28 12 9 50
2

1905954
Robot902
7408 3152
163094064
wxid-65738
Robot902.17@intl.zju.edu.cn
5
2004 6 25
17
1
2019 9 30 8 39 3
1

1665279
Robot939
9243 4587
105241857
wxid-32013
Robot939.40@intl.zju.edu.cn
4
1981 4 26
40
0
2019 10 2 4 34 11
2

1942402
Robot271
7483 951
129860918
wxid-69687
Robot271.43@intl.zju.edu.cn
2
1978 10 26
43
2
2019 10 2 11 32 52
2

1539509
Robot684
2074 8430
199269908
wxid-88124
Robot684.65@intl.zju.edu.cn
5
1956 1 21
65
2
2019 10 3 16 40 42
1

1778818
Robot649
277 7782
191893839
wxid-88149
Robot649.94@intl.zju.edu.cn
0
1927 12 24
94
1
2019 10 4 9 28 56
0

1635523
Robot263
7096 8634
161430141
wxid-28864
Robot263.56@intl.zju.edu.cn
4
1965 3 8
56
3
2019 10 5 10 50 36
1

1061564
Robot656
1090 8135
189926351
wxid-17423
Robot656.70@intl.zju.edu.cn
6
1951 12 14
70
2
2019 10 6 5 46 12
2

1300953
Robot745
5598 4448
120767068
wxid-55591
Robot745.95@intl.zju.edu.cn
7
1926 9 17
95
0
2019 10 7 6 0 48
2

1453425
Robot49
7902 9685
197836849
wxid-15258
Robot49.25@intl.zju.edu.cn
2
1996 7 7
25
0
2019 10 8 11 37 46
0

1250296
Robot337
6407 4226
141892251
wxid-74578
Robot337.14@intl.zju.edu.cn
4
2007 10 8
14
0
2019 10 8 15 52 18
1

1546934
Robot414
664 967
157684994
wxid-76800
Robot414.76@intl.zju.edu.cn
1
1945 9 23
76
3
2019 10 9 0 51 44
0

1454186
Robot591
8621 9746
128812157
wxid-5659
Robot591.100@intl.zju.edu.cn
4
1921 2 10
100
2
2019 10 10 10 59 29
0

1572381
Robot328
9345 4869
113946335
wxid-68000
Robot328.8@intl.zju.edu.cn
7
2013 5 27
8
1
2019 10 11 9 3 54
1

1257278
Robot400
4774 5705
148213333
wxid-60887
Robot400.101@intl.zju.edu.cn
0
1920 4 11
101
1
2019 10 11 17 0 20
2

1646528
Robot526
2061 2678
161036273
wxid-62643
Robot526.22@intl.zju.edu.cn
6
1999 2 4
22
1
2019 10 13 5 6 3
1

1979155
Robot57
4351 224
177282255
wxid-83565
Robot57.81@intl.zju.edu.cn
7
1940 4 15
81
3
2019 10 14 12 46 38
0

1554698
Robot869
9951 2919
185410800
wxid-5999
Robot869.85@intl.zju.edu.cn
3
1936 8 28
85
2
2019 10 15 9 13 19
2

1835736
Robot416
52 5876
134211300
wxid-23670
Robot416.15@intl.zju.edu.cn
0
2006 8 22
15
2
2019 10 16 14 28 46
1

1266072
Robot623
369 7609
178776930
wxid-55211
Robot623.91@intl.zju.edu.cn
2
1930 10 17
91
3
2019 10 18 10 43 23
0

1817551
Robot530
4950 4828
114263168
wxid-67874
Robot530.101@intl.zju.edu.cn
6
1920 2 4
101
0
2019 10 19 21 30 2
2

1544380
Robot467
89 7040
113925125
wxid-81032
Robot467.2@intl.zju.edu.cn
5
2019 4 24
2
0
2019 10 20 22 5 56
0

1592042
Robot823
3357 2498
181846539
wxid-92619
Robot823.79@intl.zju.edu.cn
0
1942 3 13
79
3
2019 10 22 8 58 30
1

1116484
Robot619
365 282
185036961
wxid-57185
Robot619.17@intl.zju.edu.cn
4
2004 6 16
17
2
2019 10 22 16 19 41
0

1140835
Robot155
8704 2317
198224853
wxid-3744
Robot155.47@intl.zju.edu.cn
6
1974 11 11
47
3
2019 10 24 2 47 11
2

1774131
Robot791
5720 7217
194520863
wxid-4646
Robot791.59@intl.zju.edu.cn
4
1962 7 29
59
3
2019 10 25 3 40 0
0

1184589
Robot296
6633 2084
110135222
wxid-5630
Robot296.97@intl.zju.edu.cn
3
1924 10 8
97
1
2019 10 26 18 22 6
0

1180647
Robot32
8689 5136
148326978
wxid-30057
Robot32.2@intl.zju.edu.cn
3
2019 10 27
2
1
2019 10 26 21 58 50
0

1322687
Robot490
2118 5701
143054262
wxid-60099
Robot490.43@intl.zju.edu.cn
5
1978 4 11
43
3
2019 10 27 9 51 15
2

1229316
Robot416
1181 1000
193711639
wxid-8772
Robot416.44@intl.zju.edu.cn
2
1977 1 22
44
1
2019 10 27 22 47 48
2

1017292
Robot573
8153 9443
112861855
wxid-74344
Robot573.47@intl.zju.edu.cn
5
1974 5 28
47
0
2019 10 29 0 3 31
1

1246003
Robot970
5823 4637
170205779
wxid-90250
Robot970.45@intl.zju.edu.cn
1
1976 2 7
45
3
2019 10 30 20 23 7
2

1790814
Robot955
4382 6327
113924083
wxid-88098
Robot955.100@intl.zju.edu.cn
4
1921 11 29
100
2
2019 10 30 22 45 59
1

1136066
Robot920
4977 9962
190707982
wxid-65909
Robot920.88@intl.zju.edu.cn
6
1933 11 1
88
2
2019 11 2 13 6 28
0

1337987
Robot556
2829 995
106024632
wxid-7590
Robot556.8@intl.zju.edu.cn
5
2013 12 16
8
0
2019 11 3 11 41 45
1

1283207
Robot702
6036 1483
169317829
wxid-11632
Robot702.53@intl.zju.edu.cn
3
1968 9 12
53
1
2019 11 4 21 42 16
0

1250054
Robot927
4875 6636
145224832
wxid-33632
Robot927.46@intl.zju.edu.cn
7
1975 11 15
46
2
2019 11 5 8 42 13
1

1895142
Robot761
594 600
132070221
wxid-85948
Robot761.46@intl.zju.edu.cn
0
1975 11 7
46
1
2019 11 6 5 43 15
0

1550536
Robot5
909 3427
195574502
wxid-17689
Robot5.33@intl.zju.edu.cn
4
1988 4 1
33
1
2019 11 8 0 22 5
0

1817746
Robot274
9626 7483
156023136
wxid-18745
Robot274.59@intl.zju.edu.cn
0
1962 9 28
59
3
2019 11 9 15 8 45
0

1955641
Robot341
6629 1356
133105621
wxid-68742
Robot341.65@intl.zju.edu.cn
7
1956 5 24
65
1
2019 11 10 2 13 3
2

1860217
Robot773
8890 226
123372568
wxid-99669
Robot773.19@intl.zju.edu.cn
4
2002 5 26
19
0
2019 11 10 21 55 35
1

1279774
Robot476
2230 8165
172391578
wxid-31748
Robot476.64@intl.zju.edu.cn
6
1957 2 22
64
3
2019 11 11 8 8 42
0

1111843
Robot785
7229 4868
170002384
wxid-87725
Robot785.12@intl.zju.edu.cn
0
2009 1 27
12
2
2019 11 12 13 41 37
1

1874535
Robot180
4213 256
145069951
wxid-15455
Robot180.67@intl.zju.edu.cn
0
1954 12 29
67
0
2019 11 13 2 35 54
1

1403005
Robot239
6213 791
127855925
wxid-15749
Robot239.93@intl.zju.edu.cn
2
1928 6 4
93
2
2019 11 13 4 56 1
2

1435019
Robot190
5635 1075
120304153
wxid-10974
Robot190.91@intl.zju.edu.cn
7
1930 9 5
91
2
2019 11 14 9 5 40
2

1945671
Robot286
4747 8291
169383631
wxid-10724
Robot286.43@intl.zju.edu.cn
7
1978 2 6
43
3
2019 11 15 9 57 29
0

1265701
Robot986
3094 3640
124190904
wxid-56719
Robot986.58@intl.zju.edu.cn
3
1963 3 29
58
1
2019 11 16 15 17 10
0

1260907
Robot583
8776 5872
113497439
wxid-42635
Robot583.61@intl.zju.edu.cn
0
1960 11 11
61
1
2019 11 16 20 31 14
2

1249838
Robot868
654 3561
135684409
wxid-53502
Robot868.59@intl.zju.edu.cn
3
1962 11 29
59
1
2019 11 16 20 42 58
0

1433448
Robot311
2689 3752
119590432
wxid-94149
Robot311.72@intl.zju.edu.cn
2
1949 12 22
72
3
2019 11 18 12 26 2
2

1933577
Robot493
1517 3634
141019826
wxid-91876
Robot493.18@intl.zju.edu.cn
3
2003 4 14
18
2
2019 11 19 22 9 8
1

1129206
Robot948
3069 4098
142316743
wxid-69473
Robot948.96@intl.zju.edu.cn
7
1925 8 15
96
0
2019 11 21 19 32 24
1

1484337
Robot730
1500 8906
185741921
wxid-35485
Robot730.19@intl.zju.edu.cn
5
2002 9 27
19
0
2019 11 23 10 41 49
2

1417695
Robot977
956 2907
114963161
wxid-75249
Robot977.26@intl.zju.edu.cn
7
1995 1 23
26
1
2019 11 23 19 47 7
0

1307469
Robot133
5061 8081
160409542
wxid-53967
Robot133.26@intl.zju.edu.cn
7
1995 8 10
26
2
2019 11 23 23 11 6
1

1748183
Robot78
6232 2571
103850747
wxid-86746
Robot78.39@intl.zju.edu.cn
4
1982 9 26
39
1
2019 11 25 12 56 23
0

1932236
Robot95
623 5822
133395275
wxid-99022
Robot95.30@intl.zju.edu.cn
7
1991 6 11
30
3
2019 11 26 5 39 25
2

1278055
Robot174
6662 774
183895558
wxid-980
Robot174.61@intl.zju.edu.cn
4
1960 2 14
61
1
2019 11 27 10 7 16
2

1669136
Robot497
4531 9278
110752115
wxid-49063
Robot497.49@intl.zju.edu.cn
6
1972 2 22
49
2
2019 11 27 22 6 40
2

1428522
Robot496
5327 8555
102295458
wxid-86033
Robot496.6@intl.zju.edu.cn
6
2015 6 28
6
2
2019 11 28 20 4 1
0

1563610
Robot507
3280 6710
180422635
wxid-38410
Robot507.44@intl.zju.edu.cn
5
1977 3 10
44
3
2019 11 30 3 12 14
2

1895316
Robot727
7382 8734
157400102
wxid-29942
Robot727.63@intl.zju.edu.cn
3
1958 3 22
63
0
2019 11 30 16 58 29
0

1614015
Robot250
2312 3811
151557137
wxid-19148
Robot250.86@intl.zju.edu.cn
3
1935 3 2
86
3
2019 12 2 7 34 19
0

1447451
Robot302
2707 8804
158308288
wxid-13004
Robot302.91@intl.zju.edu.cn
7
1930 10 19
91
1
2019 12 3 7 5 4
1

1535342
Robot776
3429 8801
125227653
wxid-73635
Robot776.37@intl.zju.edu.cn
2
1984 1 25
37
3
2019 12 3 17 42 0
1

1106989
Robot58
5837 5006
188512426
wxid-87391
Robot58.61@intl.zju.edu.cn
7
1960 1 14
61
2
2019 12 4 6 0 0
1

1607516
Robot86
8359 4997
139703112
wxid-81311
Robot86.35@intl.zju.edu.cn
3
1986 12 12
35
3
2019 12 6 0 30 39
2

1392487
Robot300
6273 1728
181346638
wxid-15674
Robot300.41@intl.zju.edu.cn
4
1980 9 18
41
3
2019 12 6 2 25 57
0

1399462
Robot908
9087 2507
173223292
wxid-41228
Robot908.77@intl.zju.edu.cn
5
1944 8 1
77
0
2019 12 6 6 43 20
1

1630542
Robot522
3420 6600
194401513
wxid-17036
Robot522.78@intl.zju.edu.cn
1
1943 11 15
78
3
2019 12 7 12 13 39
0

1459637
Robot903
6129 1620
182057853
wxid-70155
Robot903.33@intl.zju.edu.cn
0
1988 6 23
33
2
2019 12 7 16 59 19
2

1078573
Robot855
930 8358
127772566
wxid-47295
Robot855.32@intl.zju.edu.cn
7
1989 4 20
32
1
2019 12 7 18 55 30
2

1006716
Robot821
6887 8865
144867840
wxid-90163
Robot821.49@intl.zju.edu.cn
6
1972 7 16
49
2
2019 12 8 2 4 44
1

1765046
Robot683
7869 4435
105363591
wxid-50131
Robot683.82@intl.zju.edu.cn
0
1939 12 21
82
3
2019 12 9 18 49 34
0

1654455
Robot302
6019 3186
154153467
wxid-80186
Robot302.8@intl.zju.edu.cn
3
2013 12 7
8
2
2019 12 11 8 36 23
0

1098145
Robot896
866 8464
111934030
wxid-89055
Robot896.95@intl.zju.edu.cn
6
1926 7 22
95
3
2019 12 12 19 42 4
0

1803767
Robot988
8464 6761
174744156
wxid-56400
Robot988.59@intl.zju.edu.cn
2
1962 8 23
59
1
2019 12 14 3 10 59
1

1205142
Robot24
2028 6881
136257197
wxid-10636
Robot24.44@intl.zju.edu.cn
4
1977 12 28
44
2
2019 12 14 22 36 53
1

1262189
Robot474
5292 3933
126016732
wxid-38051
Robot474.73@intl.zju.edu.cn
5
1948 9 12
73
1
2019 12 15 12 43 46
0

1098310
Robot729
7237 7974
112168642
wxid-271
Robot729.36@intl.zju.edu.cn
7
1985 4 20
36
1
2019 12 17 0 34 32
2

1492837
Robot84
9330 47
116372793
wxid-62929
Robot84.82@intl.zju.edu.cn
5
1939 10 10
82
3
2019 12 17 17 15 31
1

1845198
Robot275
8249 5336
107912287
wxid-33058
Robot275.54@intl.zju.edu.cn
5
1967 11 29
54
0
2019 12 18 6 58 39
2

1923662
Robot331
272 3312
185885088
wxid-25270
Robot331.42@intl.zju.edu.cn
7
1979 4 15
42
0
2019 12 19 8 48 14
1

1052329
Robot404
9312 67
170082849
wxid-44971
Robot404.14@intl.zju.edu.cn
2
2007 4 24
14
3
2019 12 20 4 30 51
1

1339637
Robot390
4655 6959
197858912
wxid-83216
Robot390.21@intl.zju.edu.cn
7
2000 8 23
21
3
2019 12 21 6 56 46
0

1533316
Robot172
297 9833
118984821
wxid-95979
Robot172.35@intl.zju.edu.cn
7
1986 6 7
35
1
2019 12 22 2 27 57
2

1236037
Robot262
1364 4817
192970486
wxid-34427
Robot262.52@intl.zju.edu.cn
6
1969 8 7
52
0
2019 12 22 5 33 16
0

1034276
Robot953
9846 6600
140142490
wxid-82705
Robot953.90@intl.zju.edu.cn
1
1931 5 16
90
0
2019 12 22 6 47 58
2

1704102
Robot681
5128 2321
192380117
wxid-67077
Robot681.78@intl.zju.edu.cn
5
1943 9 18
78
1
2019 12 22 10 43 6
0

1025590
Robot319
6075 8372
173456153
wxid-18855
Robot319.44@intl.zju.edu.cn
2
1977 3 19
44
2
2019 12 22 17 33 4
2

1341392
Robot984
205 8931
141568199
wxid-80068
Robot984.82@intl.zju.edu.cn
4
1939 9 4
82
0
2019 12 23 17 52 44
0

1582895
Robot286
747 268
182581417
wxid-10956
Robot286.35@intl.zju.edu.cn
2
1986 3 15
35
2
2019 12 25 11 49 9
1

1948750
Robot764
3344 5629
153326448
wxid-15929
Robot764.65@intl.zju.edu.cn
5
1956 1 10
65
2
2019 12 26 6 51 46
2

1273642
Robot613
9884 9829
199949083
wxid-7164
Robot613.98@intl.zju.edu.cn
1
1923 2 20
98
2
2019 12 27 7 23 49
2

1142746
Robot505
2581 8117
146143908
wxid-65531
Robot505.10@intl.zju.edu.cn
0
2011 12 16
10
2
2019 12 28 5 52 43
1

1005205
Robot574
8004 7049
139011106
wxid-51142
Robot574.62@intl.zju.edu.cn
4
1959 4 12
62
0
2019 12 29 11 35 20
1

1709417
Robot666
5032 6879
176367123
wxid-32574
Robot666.41@intl.zju.edu.cn
1
1980 9 20
41
2
2020 1 1 8 11 13
0

1349433
Robot956
9685 1248
151705787
wxid-61720
Robot956.90@intl.zju.edu.cn
4
1931 10 17
90
0
2020 1 2 6 20 25
2

1865569
Robot48
5892 2765
136836868
wxid-83366
Robot48.87@intl.zju.edu.cn
7
1934 12 27
87
3
2020 1 3 9 44 5
1

1103512
Robot104
968 1068
157497959
wxid-50652
Robot104.33@intl.zju.edu.cn
4
1988 6 23
33
0
2020 1 3 23 31 25
0

1319448
Robot803
6102 8000
109230456
wxid-40651
Robot803.32@intl.zju.edu.cn
1
1989 8 29
32
0
2020 1 5 7 26 34
0

1649855
Robot847
518 5462
190741518
wxid-11351
Robot847.77@intl.zju.edu.cn
4
1944 5 3
77
3
2020 1 6 2 53 40
0

1673156
Robot410
9752 8946
196688489
wxid-27113
Robot410.58@intl.zju.edu.cn
1
1963 2 20
58
0
2020 1 7 9 1 23
1

1188681
Robot844
7783 2082
148767027
wxid-96953
Robot844.77@intl.zju.edu.cn
4
1944 1 5
77
1
2020 1 8 16 20 27
1

1913589
Robot234
9111 1757
168349892
wxid-49963
Robot234.47@intl.zju.edu.cn
0
1974 1 17
47
0
2020 1 10 10 5 18
0

1350784
Robot939
6814 2869
185881074
wxid-71736
Robot939.27@intl.zju.edu.cn
4
1994 6 6
27
3
2020 1 11 5 45 46
2

1458997
Robot874
9545 6104
140873714
wxid-20519
Robot874.89@intl.zju.edu.cn
3
1932 10 17
89
0
2020 1 12 3 55 26
1

1320877
Robot167
5801 8854
198562197
wxid-34414
Robot167.55@intl.zju.edu.cn
4
1966 10 25
55
2
2020 1 13 22 9 39
2

1827355
Robot14
7529 538
183874336
wxid-16849
Robot14.27@intl.zju.edu.cn
5
1994 7 7
27
2
2020 1 15 20 28 30
2

1313652
Robot478
3446 6148
140704997
wxid-89561
Robot478.98@intl.zju.edu.cn
4
1923 2 21
98
3
2020 1 17 14 19 21
1

1763567
Robot36
2474 953
158749651
wxid-12416
Robot36.16@intl.zju.edu.cn
2
2005 12 14
16
1
2020 1 17 19 23 16
0

1197174
Robot57
9715 3806
139988440
wxid-4746
Robot57.82@intl.zju.edu.cn
4
1939 6 10
82
2
2020 1 19 0 42 44
2

1833660
Robot70
1962 8829
137974027
wxid-84095
Robot70.50@intl.zju.edu.cn
3
1971 7 16
50
1
2020 1 20 3 22 17
1

1883676
Robot975
5855 8056
148428408
wxid-66136
Robot975.87@intl.zju.edu.cn
6
1934 6 14
87
3
2020 1 21 17 50 30
2

1318671
Robot216
4489 7390
165644099
wxid-50131
Robot216.52@intl.zju.edu.cn
5
1969 6 16
52
1
2020 1 22 10 20 22
2

1471531
Robot442
7786 3422
182690682
wxid-48166
Robot442.96@intl.zju.edu.cn
0
1925 1 4
96
3
2020 1 23 9 25 56
1

1820662
Robot621
8097 2184
138336062
wxid-85159
Robot621.89@intl.zju.edu.cn
3
1932 12 2
89
2
2020 1 23 22 26 26
1

1671597
Robot423
7305 7792
159767393
wxid-27557
Robot423.101@intl.zju.edu.cn
2
1920 7 7
101
1
2020 1 25 18 50 16
1

1239087
Robot959
8115 2177
191995540
wxid-15222
Robot959.24@intl.zju.edu.cn
6
1997 2 10
24
2
2020 1 27 5 3 28
1

1157432
Robot64
5635 1502
107365616
wxid-56650
Robot64.52@intl.zju.edu.cn
6
1969 2 26
52
2
2020 1 27 15 21 9
2

1282578
Robot877
3682 198
179661294
wxid-11462
Robot877.48@intl.zju.edu.cn
4
1973 2 14
48
1
2020 1 28 11 33 31
0

1845385
Robot565
9534 1945
151865828
wxid-23690
Robot565.7@intl.zju.edu.cn
6
2014 7 14
7
3
2020 1 30 1 50 24
2

1262275
Robot657
3337 6365
100172535
wxid-14701
Robot657.83@intl.zju.edu.cn
5
1938 2 30
83
0
2020 1 30 20 44 9
0

1831920
Robot38
5832 9673
117280511
wxid-2739
Robot38.42@intl.zju.edu.cn
6
1979 3 21
42
1
2020 2 1 2 13 59
1

1415979
Robot985
9083 3293
148735287
wxid-47452
Robot985.99@intl.zju.edu.cn
5
1922 7 7
99
1
2020 2 2 8 33 31
1

1935984
Robot897
5900 5270
177078412
wxid-33034
Robot897.11@intl.zju.edu.cn
6
2010 2 24
11
2
2020 2 2 13 22 31
2

1986018
Robot590
316 7760
167125928
wxid-6175
Robot590.86@intl.zju.edu.cn
3
1935 4 25
86
2
2020 2 2 19 56 15
2

1671225
Robot952
2830 1838
190970998
wxid-86818
Robot952.57@intl.zju.edu.cn
5
1964 12 26
57
2
2020 2 4 1 11 41
1

1863949
Robot108
6090 7890
114804802
wxid-83798
Robot108.30@intl.zju.edu.cn
2
1991 6 18
30
2
2020 2 5 16 57 50
2

1460998
Robot401
2613 3953
137313115
wxid-96333
Robot401.7@intl.zju.edu.cn
1
2014 12 18
7
1
2020 2 6 5 40 8
1

1551178
Robot469
8834 8865
190483132
wxid-307
Robot469.39@intl.zju.edu.cn
6
1982 5 24
39
0
2020 2 6 11 28 20
1

1069462
Robot620
3225 683
136682921
wxid-40457
Robot620.60@intl.zju.edu.cn
2
1961 6 23
60
0
2020 2 7 8 1 53
2

1959203
Robot1
6873 6805
105982612
wxid-62780
Robot1.10@intl.zju.edu.cn
0
2011 11 19
10
2
2020 2 9 3 24 7
0

1388588
Robot943
3680 2027
140217674
wxid-4270
Robot943.18@intl.zju.edu.cn
4
2003 6 21
18
3
2020 2 9 4 54 38
1

1163006
Robot421
1556 3698
151977151
wxid-68757
Robot421.63@intl.zju.edu.cn
7
1958 8 14
63
0
2020 2 10 18 29 58
2

1173955
Robot269
9909 8302
191347574
wxid-37336
Robot269.25@intl.zju.edu.cn
6
1996 6 12
25
3
2020 2 11 2 31 34
0

1506761
Robot973
5035 4306
132238846
wxid-77449
Robot973.4@intl.zju.edu.cn
4
2017 1 4
4
0
2020 2 12 6 11 11
0

1770404
Robot461
7735 6196
169023159
wxid-94380
Robot461.9@intl.zju.edu.cn
7
2012 1 23
9
3
2020 2 13 15 38 33
1

1030792
Robot156
8895 6704
151082328
wxid-20353
Robot156.83@intl.zju.edu.cn
2
1938 12 17
83
0
2020 2 15 6 2 59
2

1125778
Robot879
5573 800
198940291
wxid-1542
Robot879.14@intl.zju.edu.cn
6
2007 5 25
14
2
2020 2 17 4 26 34
1

1099652
Robot889
4468 6137
178186135
wxid-68946
Robot889.57@intl.zju.edu.cn
0
1964 12 9
57
3
2020 2 18 18 13 52
0

1546542
Robot49
8429 2012
166119400
wxid-29204
Robot49.75@intl.zju.edu.cn
5
1946 11 12
75
0
2020 2 19 22 12 57
2

1085990
Robot497
762 4987
122702383
wxid-40751
Robot497.16@intl.zju.edu.cn
0
2005 11 1
16
1
2020 2 21 6 40 11
2

1718670
Robot588
8772 4389
155952905
wxid-19362
Robot588.84@intl.zju.edu.cn
0
1937 4 5
84
0
2020 2 22 12 30 34
0

1471165
Robot191
8984 2901
144919079
wxid-93211
Robot191.80@intl.zju.edu.cn
2
1941 9 16
80
2
2020 2 23 13 48 7
2

1296254
Robot293
2175 5093
198117054
wxid-53281
Robot293.79@intl.zju.edu.cn
5
1942 4 6
79
0
2020 2 23 15 51 58
0

1686947
Robot212
3085 9808
160613348
wxid-79246
Robot212.43@intl.zju.edu.cn
5
1978 8 17
43
3
2020 2 24 17 13 8
2

1600361
Robot179
2996 267
177417465
wxid-51329
Robot179.13@intl.zju.edu.cn
5
2008 1 24
13
3
2020 2 26 8 49 37
1

1672843
Robot745
9455 5899
112735775
wxid-11013
Robot745.39@intl.zju.edu.cn
6
1982 2 20
39
3
2020 2 27 8 54 5
0

1894757
Robot899
9535 578
164599621
wxid-53385
Robot899.50@intl.zju.edu.cn
7
1971 3 5
50
0
2020 2 28 15 20 53
1

1437746
Robot5
6310 9941
104051101
wxid-98946
Robot5.30@intl.zju.edu.cn
3
1991 7 1
30
2
2020 2 29 23 23 19
0

1704939
Robot420
3996 8827
126205108
wxid-70104
Robot420.51@intl.zju.edu.cn
5
1970 3 25
51
0
2020 2 30 18 28 6
2

1591183
Robot643
422 8644
139119249
wxid-96632
Robot643.36@intl.zju.edu.cn
6
1985 5 14
36
0
2020 3 2 8 23 29
2

1012860
Robot805
7309 4921
183334699
wxid-18667
Robot805.50@intl.zju.edu.cn
4
1971 9 25
50
2
2020 3 2 9 25 58
0

1099561
Robot981
1775 1520
190489083
wxid-18340
Robot981.9@intl.zju.edu.cn
6
2012 6 30
9
0
2020 3 3 0 35 21
0

1209985
Robot973
8997 2079
129236964
wxid-24064
Robot973.89@intl.zju.edu.cn
6
1932 5 11
89
3
2020 3 4 0 47 41
1

1170545
Robot895
1487 5892
154470487
wxid-9385
Robot895.101@intl.zju.edu.cn
4
1920 4 21
101
0
2020 3 4 8 7 58
2

1959346
Robot767
3560 8625
169062897
wxid-36357
Robot767.78@intl.zju.edu.cn
1
1943 6 17
78
2
2020 3 5 7 34 27
1

1145801
Robot144
4270 2054
179082363
wxid-15850
Robot144.96@intl.zju.edu.cn
0
1925 12 6
96
0
2020 3 6 14 59 44
0

1118317
Robot281
7621 4040
148782178
wxid-16222
Robot281.87@intl.zju.edu.cn
2
1934 10 3
87
1
2020 3 8 7 51 32
1

1060166
Robot638
227 753
129721718
wxid-54550
Robot638.19@intl.zju.edu.cn
6
2002 12 23
19
0
2020 3 9 23 19 16
0

1203642
Robot461
3028 6436
152242652
wxid-27609
Robot461.71@intl.zju.edu.cn
3
1950 1 15
71
2
2020 3 11 1 15 29
0

1584076
Robot826
2145 41
106452651
wxid-13690
Robot826.76@intl.zju.edu.cn
0
1945 9 5
76
2
2020 3 11 14 53 35
1

1496612
Robot342
6288 177
195724476
wxid-6773
Robot342.27@intl.zju.edu.cn
0
1994 4 29
27
1
2020 3 13 12 29 0
1

1506544
Robot421
4421 621
180612737
wxid-2040
Robot421.49@intl.zju.edu.cn
5
1972 5 5
49
3
2020 3 13 17 3 22
0

1675556
Robot629
2673 4781
108978835
wxid-77479
Robot629.68@intl.zju.edu.cn
4
1953 2 3
68
2
2020 3 14 5 44 15
2

1038486
Robot116
3040 3875
147510171
wxid-34373
Robot116.80@intl.zju.edu.cn
4
1941 4 17
80
1
2020 3 14 12 7 52
0

1211017
Robot67
1131 9196
156453857
wxid-47797
Robot67.5@intl.zju.edu.cn
4
2016 7 7
5
2
2020 3 16 9 10 17
2

1899034
Robot768
2332 6788
128859049
wxid-1067
Robot768.81@intl.zju.edu.cn
4
1940 6 29
81
3
2020 3 17 3 10 22
1

1753371
Robot829
8568 9089
179719791
wxid-87260
Robot829.48@intl.zju.edu.cn
2
1973 5 19
48
1
2020 3 17 14 9 6
2

1052327
Robot155
8332 7265
183392491
wxid-15402
Robot155.70@intl.zju.edu.cn
1
1951 6 15
70
3
2020 3 17 21 42 44
0

1991404
Robot499
7022 5042
124931493
wxid-42483
Robot499.18@intl.zju.edu.cn
6
2003 3 3
18
1
2020 3 18 23 7 15
0

1933114
Robot787
2865 5695
195880441
wxid-27982
Robot787.79@intl.zju.edu.cn
6
1942 8 21
79
0
2020 3 19 16 28 24
2

1862149
Robot689
7950 2181
143582032
wxid-60532
Robot689.36@intl.zju.edu.cn
5
1985 7 11
36
2
2020 3 20 18 47 6
1

1835967
Robot457
4459 6659
135080981
wxid-70522
Robot457.88@intl.zju.edu.cn
7
1933 7 13
88
1
2020 3 21 0 57 5
2

1879922
Robot338
5754 6698
164680673
wxid-20057
Robot338.95@intl.zju.edu.cn
0
1926 5 10
95
1
2020 3 22 11 46 10
1

1922002
Robot366
887 2861
179703945
wxid-51764
Robot366.13@intl.zju.edu.cn
1
2008 9 26
13
0
2020 3 23 3 24 52
2

1022191
Robot827
8292 4732
125367271
wxid-47374
Robot827.48@intl.zju.edu.cn
6
1973 11 30
48
0
2020 3 24 5 26 7
1

1835620
Robot268
2045 7580
100419272
wxid-2318
Robot268.63@intl.zju.edu.cn
4
1958 4 6
63
1
2020 3 25 21 49 34
2

1808506
Robot819
3824 596
118726576
wxid-22759
Robot819.78@intl.zju.edu.cn
4
1943 10 11
78
3
2020 3 26 21 16 23
1

1157554
Robot733
7725 4538
110212671
wxid-56079
Robot733.66@intl.zju.edu.cn
2
1955 1 28
66
1
2020 3 28 16 20 45
0

1879732
Robot373
9364 8563
157473600
wxid-30990
Robot373.63@intl.zju.edu.cn
7
1958 2 11
63
1
2020 3 30 7 19 30
2

1206537
Robot538
6773 2740
175373829
wxid-96710
Robot538.45@intl.zju.edu.cn
5
1976 7 19
45
3
2020 4 1 18 39 42
0

1083942
Robot740
5651 535
126096046
wxid-42010
Robot740.2@intl.zju.edu.cn
5
2019 2 17
2
0
2020 4 3 10 29 54
0

1538744
Robot230
29 2116
174416675
wxid-83414
Robot230.85@intl.zju.edu.cn
1
1936 1 22
85
0
2020 4 3 22 36 5
0

1039259
Robot856
9969 1057
123338446
wxid-8131
Robot856.18@intl.zju.edu.cn
5
2003 12 19
18
2
2020 4 4 10 43 13
0

1879479
Robot91
9243 2550
114278280
wxid-51808
Robot91.97@intl.zju.edu.cn
4
1924 12 27
97
0
2020 4 4 23 56 37
0

1824702
Robot205
9781 6204
128346215
wxid-81225
Robot205.72@intl.zju.edu.cn
1
1949 8 24
72
0
2020 4 5 11 36 10
0

1344496
Robot516
4545 6921
135608193
wxid-77170
Robot516.94@intl.zju.edu.cn
1
1927 8 23
94
1
2020 4 6 19 36 58
2

1204422
Robot310
2052 5356
140535267
wxid-48066
Robot310.94@intl.zju.edu.cn
3
1927 3 17
94
2
2020 4 8 8 14 32
2

1331208
Robot834
1646 1479
170001268
wxid-14162
Robot834.9@intl.zju.edu.cn
5
2012 6 27
9
1
2020 4 8 9 8 45
0

1394324
Robot244
8660 2927
102212258
wxid-4754
Robot244.101@intl.zju.edu.cn
5
1920 7 6
101
1
2020 4 10 5 57 55
2

1863184
Robot507
7429 2443
168400783
wxid-26887
Robot507.92@intl.zju.edu.cn
0
1929 10 15
92
3
2020 4 10 11 14 25
0

1243932
Robot407
4885 5993
135729310
wxid-70006
Robot407.48@intl.zju.edu.cn
5
1973 11 16
48
3
2020 4 10 12 33 45
2

1712321
Robot696
8495 1237
102769110
wxid-38552
Robot696.87@intl.zju.edu.cn
1
1934 10 27
87
3
2020 4 10 12 48 53
2

1734003
Robot157
8686 2653
180948072
wxid-25253
Robot157.27@intl.zju.edu.cn
2
1994 1 13
27
0
2020 4 11 21 51 12
0

1718241
Robot131
5363 2378
149057778
wxid-90673
Robot131.30@intl.zju.edu.cn
2
1991 1 21
30
3
2020 4 12 23 47 48
1

1042493
Robot773
388 4754
165177113
wxid-96039
Robot773.100@intl.zju.edu.cn
0
1921 2 15
100
1
2020 4 14 2 0 41
0

1787418
Robot401
1610 3111
171548145
wxid-91939
Robot401.47@intl.zju.edu.cn
6
1974 9 26
47
2
2020 4 15 23 12 25
1

1871433
Robot209
5590 2604
155310117
wxid-75186
Robot209.92@intl.zju.edu.cn
5
1929 11 7
92
2
2020 4 17 8 5 47
1

1477255
Robot203
2110 8288
114505896
wxid-41026
Robot203.9@intl.zju.edu.cn
0
2012 12 24
9
1
2020 4 17 20 11 54
2

1698740
Robot433
7994 9278
152336533
wxid-64814
Robot433.6@intl.zju.edu.cn
5
2015 12 17
6
2
2020 4 18 19 42 28
1

1871892
Robot353
2223 6795
102467321
wxid-5809
Robot353.26@intl.zju.edu.cn
0
1995 11 3
26
2
2020 4 20 10 23 19
2

1477997
Robot389
6398 3684
129007272
wxid-33213
Robot389.91@intl.zju.edu.cn
6
1930 2 1
91
0
2020 4 22 1 36 18
1

1710418
Robot520
9353 7697
173709327
wxid-16171
Robot520.84@intl.zju.edu.cn
3
1937 12 23
84
1
2020 4 23 0 38 2
0

1634441
Robot404
66 8810
146626796
wxid-121
Robot404.7@intl.zju.edu.cn
3
2014 9 13
7
3
2020 4 23 1 38 53
1

1921750
Robot845
1599 6415
193305141
wxid-29803
Robot845.27@intl.zju.edu.cn
2
1994 2 9
27
0
2020 4 23 12 37 11
1

1578935
Robot471
6723 7144
100169674
wxid-34545
Robot471.89@intl.zju.edu.cn
7
1932 3 2
89
2
2020 4 25 7 24 57
2

1266338
Robot503
8901 7963
139543012
wxid-30201
Robot503.31@intl.zju.edu.cn
3
1990 11 2
31
0
2020 4 25 20 28 37
1

1511207
Robot271
3486 3510
195583247
wxid-47976
Robot271.58@intl.zju.edu.cn
2
1963 4 10
58
2
2020 4 26 0 6 18
0

1343428
Robot442
7124 4897
103446473
wxid-77698
Robot442.33@intl.zju.edu.cn
6
1988 12 14
33
3
2020 4 27 20 37 40
2

1721762
Robot741
1805 8891
143358616
wxid-16027
Robot741.41@intl.zju.edu.cn
1
1980 4 6
41
3
2020 4 29 16 14 28
2

1489979
Robot401
5715 8161
170264992
wxid-84241
Robot401.37@intl.zju.edu.cn
3
1984 11 25
37
3
2020 5 1 11 26 3
2

1414971
Robot394
5288 8073
159136863
wxid-76412
Robot394.58@intl.zju.edu.cn
1
1963 6 28
58
1
2020 5 2 5 19 2
2

1180529
Robot744
8196 2752
159074698
wxid-84770
Robot744.42@intl.zju.edu.cn
0
1979 10 8
42
0
2020 5 2 14 48 35
0

1474319
Robot494
421 9299
179488204
wxid-61010
Robot494.87@intl.zju.edu.cn
5
1934 7 6
87
1
2020 5 2 20 16 32
1

1628260
Robot240
8143 6411
153658524
wxid-6578
Robot240.36@intl.zju.edu.cn
3
1985 7 15
36
0
2020 5 3 16 58 12
2

1060718
Robot832
1874 7092
155111081
wxid-4349
Robot832.51@intl.zju.edu.cn
0
1970 12 12
51
0
2020 5 4 2 57 5
2

1198103
Robot108
601 7528
196213070
wxid-75754
Robot108.59@intl.zju.edu.cn
3
1962 12 5
59
3
2020 5 4 23 7 28
1

1821341
Robot287
8334 2871
146255247
wxid-98422
Robot287.4@intl.zju.edu.cn
7
2017 3 28
4
2
2020 5 6 4 1 27
1

1581292
Robot304
404 2558
160923866
wxid-29533
Robot304.28@intl.zju.edu.cn
3
1993 12 6
28
3
2020 5 7 17 16 59
1

1194576
Robot406
9151 9934
112934199
wxid-23778
Robot406.68@intl.zju.edu.cn
1
1953 10 20
68
2
2020 5 8 23 26 33
1

1205405
Robot851
9559 4958
136726118
wxid-12068
Robot851.33@intl.zju.edu.cn
4
1988 11 15
33
1
2020 5 10 19 21 42
0

1886252
Robot552
6619 2414
130522719
wxid-58036
Robot552.34@intl.zju.edu.cn
5
1987 7 26
34
0
2020 5 12 8 52 13
1

1689300
Robot424
6554 6840
163534040
wxid-12972
Robot424.42@intl.zju.edu.cn
6
1979 10 19
42
0
2020 5 12 11 8 49
1

1946212
Robot717
9026 984
177234278
wxid-81963
Robot717.88@intl.zju.edu.cn
7
1933 1 8
88
1
2020 5 13 21 42 10
2

1167592
Robot241
6598 2093
195124547
wxid-81544
Robot241.27@intl.zju.edu.cn
7
1994 9 17
27
2
2020 5 14 22 12 50
2

1438717
Robot141
9332 969
150811210
wxid-99505
Robot141.62@intl.zju.edu.cn
3
1959 5 23
62
1
2020 5 15 15 14 19
0

1809895
Robot596
812 3237
130200177
wxid-95377
Robot596.37@intl.zju.edu.cn
7
1984 4 4
37
1
2020 5 15 17 12 24
0

1413280
Robot821
3270 4584
146169220
wxid-7992
Robot821.55@intl.zju.edu.cn
6
1966 1 17
55
1
2020 5 17 3 48 42
0

1506285
Robot558
4561 257
165745324
wxid-60899
Robot558.96@intl.zju.edu.cn
6
1925 1 23
96
3
2020 5 19 1 48 21
2

1968837
Robot975
4187 3244
147603993
wxid-72540
Robot975.43@intl.zju.edu.cn
0
1978 4 1
43
1
2020 5 20 19 14 53
2

1183912
Robot390
7753 4060
188585190
wxid-52554
Robot390.91@intl.zju.edu.cn
3
1930 4 30
91
1
2020 5 22 13 26 1
1

1030323
Robot742
6957 8471
117607475
wxid-23668
Robot742.61@intl.zju.edu.cn
0
1960 12 23
61
2
2020 5 23 2 49 42
1

1067712
Robot733
7210 5106
123938863
wxid-31383
Robot733.89@intl.zju.edu.cn
1
1932 9 21
89
1
2020 5 24 13 2 37
0

1537937
Robot40
4006 3822
118154529
wxid-56979
Robot40.7@intl.zju.edu.cn
4
2014 11 2
7
0
2020 5 25 12 58 7
0

1077572
Robot495
2093 8409
178136764
wxid-69796
Robot495.69@intl.zju.edu.cn
6
1952 8 23
69
1
2020 5 25 13 40 8
1

1667209
Robot891
6315 3333
142786539
wxid-78854
Robot891.12@intl.zju.edu.cn
1
2009 6 20
12
1
2020 5 27 10 2 9
0

1445439
Robot106
9204 3786
136885524
wxid-21794
Robot106.68@intl.zju.edu.cn
2
1953 4 18
68
1
2020 5 28 0 18 19
0

1886747
Robot697
1782 4264
175729162
wxid-93404
Robot697.54@intl.zju.edu.cn
6
1967 4 2
54
2
2020 5 29 10 41 1
0

1012225
Robot251
375 5549
149465047
wxid-49985
Robot251.3@intl.zju.edu.cn
4
2018 6 26
3
3
2020 5 30 2 43 13
1

1674162
Robot159
7409 4161
145385324
wxid-72653
Robot159.29@intl.zju.edu.cn
4
1992 10 24
29
0
2020 5 30 19 29 33
0

1132926
Robot344
1150 2612
114090979
wxid-86525
Robot344.100@intl.zju.edu.cn
4
1921 3 10
100
3
2020 6 1 2 44 39
1

1887439
Robot834
2652 1050
171470156
wxid-6735
Robot834.5@intl.zju.edu.cn
6
2016 10 9
5
3
2020 6 2 7 10 40
1

1240133
Robot420
1709 6809
199911797
wxid-63983
Robot420.55@intl.zju.edu.cn
2
1966 6 24
55
1
2020 6 3 7 52 43
2

1071831
Robot966
4440 9344
166766676
wxid-33097
Robot966.24@intl.zju.edu.cn
3
1997 7 8
24
0
2020 6 4 7 28 15
1

1440405
Robot654
3819 9604
149073677
wxid-96799
Robot654.10@intl.zju.edu.cn
2
2011 5 25
10
3
2020 6 4 11 41 15
2

1135026
Robot100
5844 3958
193026402
wxid-40316
Robot100.33@intl.zju.edu.cn
6
1988 4 19
33
1
2020 6 5 20 11 26
0

1345086
Robot191
5556 876
183770918
wxid-91243
Robot191.19@intl.zju.edu.cn
7
2002 6 26
19
3
2020 6 6 7 43 45
0

1936111
Robot532
1361 7789
151133559
wxid-19620
Robot532.89@intl.zju.edu.cn
0
1932 7 6
89
0
2020 6 7 23 53 43
1

1937594
Robot989
5806 5022
189300295
wxid-37118
Robot989.40@intl.zju.edu.cn
0
1981 12 15
40
0
2020 6 8 10 23 4
1

1195341
Robot360
130 2099
186298839
wxid-87246
Robot360.60@intl.zju.edu.cn
6
1961 9 26
60
1
2020 6 8 20 28 45
1

1241402
Robot524
2288 8857
113981079
wxid-54949
Robot524.18@intl.zju.edu.cn
1
2003 9 20
18
1
2020 6 9 18 16 34
0

1315304
Robot818
7351 2679
146055371
wxid-24350
Robot818.67@intl.zju.edu.cn
0
1954 9 14
67
0
2020 6 10 23 2 6
2

1142451
Robot539
1366 6164
175002974
wxid-72873
Robot539.29@intl.zju.edu.cn
6
1992 10 30
29
1
2020 6 12 17 53 7
0

1811283
Robot922
4567 3254
170296637
wxid-13584
Robot922.54@intl.zju.edu.cn
5
1967 11 21
54
3
2020 6 14 3 58 58
1

1198239
Robot232
9609 7423
135608113
wxid-26654
Robot232.7@intl.zju.edu.cn
7
2014 7 2
7
3
2020 6 14 10 51 59
0

1270973
Robot749
6850 3614
149014500
wxid-46151
Robot749.87@intl.zju.edu.cn
3
1934 10 3
87
3
2020 6 15 14 37 53
1

1569726
Robot92
6785 8206
156436824
wxid-38669
Robot92.55@intl.zju.edu.cn
4
1966 2 12
55
3
2020 6 15 18 52 43
2

1989329
Robot187
6672 2716
185041386
wxid-89780
Robot187.100@intl.zju.edu.cn
7
1921 2 20
100
2
2020 6 16 5 22 46
1

1610565
Robot109
5535 7421
166677030
wxid-75602
Robot109.29@intl.zju.edu.cn
7
1992 1 15
29
0
2020 6 17 11 48 15
0

1362994
Robot869
1764 6900
161901859
wxid-70552
Robot869.78@intl.zju.edu.cn
3
1943 3 16
78
1
2020 6 19 7 44 10
2

1898845
Robot772
5818 7680
159708546
wxid-30385
Robot772.53@intl.zju.edu.cn
2
1968 7 23
53
2
2020 6 21 3 27 1
2

1411899
Robot156
3026 2794
127358374
wxid-55880
Robot156.99@intl.zju.edu.cn
5
1922 2 15
99
2
2020 6 22 23 30 2
2

1216900
Robot825
4980 4742
183017638
wxid-9275
Robot825.85@intl.zju.edu.cn
6
1936 11 10
85
0
2020 6 24 11 39 41
2

1512072
Robot694
1034 5636
126276850
wxid-89778
Robot694.47@intl.zju.edu.cn
1
1974 8 28
47
0
2020 6 24 23 1 40
2

1898290
Robot563
4059 6040
132462827
wxid-83293
Robot563.41@intl.zju.edu.cn
4
1980 6 20
41
3
2020 6 26 11 10 5
1

1453179
Robot394
6786 2578
117997684
wxid-99587
Robot394.13@intl.zju.edu.cn
3
2008 2 24
13
3
2020 6 27 2 15 42
2

1981526
Robot320
827 3791
114439543
wxid-69212
Robot320.71@intl.zju.edu.cn
3
1950 2 1
71
3
2020 6 28 17 17 1
0

1367523
Robot183
480 8128
149096704
wxid-39308
Robot183.2@intl.zju.edu.cn
7
2019 5 28
2
0
2020 6 30 12 11 0
0

1605502
Robot569
1652 443
145611616
wxid-51366
Robot569.8@intl.zju.edu.cn
3
2013 5 23
8
1
2020 6 30 14 14 1
0

1778288
Robot342
3187 1572
159421090
wxid-29142
Robot342.93@intl.zju.edu.cn
4
1928 10 28
93
2
2020 7 1 13 23 19
0

1805236
Robot294
3408 9422
149349954
wxid-11694
Robot294.93@intl.zju.edu.cn
6
1928 7 20
93
3
2020 7 3 0 35 54
2

1806833
Robot654
576 9450
144567061
wxid-95934
Robot654.23@intl.zju.edu.cn
1
1998 1 5
23
0
2020 7 3 13 8 23
1

1649524
Robot155
4550 4326
160487421
wxid-59427
Robot155.38@intl.zju.edu.cn
4
1983 9 3
38
1
2020 7 5 6 14 56
0

1904367
Robot548
8544 3606
138015490
wxid-70624
Robot548.97@intl.zju.edu.cn
3
1924 9 28
97
2
2020 7 7 3 16 58
2

1884995
Robot782
9216 8681
128616076
wxid-90322
Robot782.76@intl.zju.edu.cn
1
1945 9 4
76
3
2020 7 8 11 35 29
1

1565875
Robot11
9316 1437
117929765
wxid-88081
Robot11.16@intl.zju.edu.cn
0
2005 9 25
16
3
2020 7 10 7 23 22
2

1434373
Robot619
1212 5864
155079116
wxid-3128
Robot619.64@intl.zju.edu.cn
0
1957 10 27
64
1
2020 7 11 16 53 31
2

1673646
Robot978
6624 6982
150443894
wxid-68635
Robot978.27@intl.zju.edu.cn
5
1994 9 7
27
1
2020 7 13 7 56 38
0

1399178
Robot257
2934 8171
106291033
wxid-56702
Robot257.47@intl.zju.edu.cn
1
1974 3 14
47
3
2020 7 14 0 2 58
2

